  30
   0
   2
   2
  66
  93
  22
  41
   0
  39
  23
  17
   0
   5
  18
   0
   0
   0
   0
   0
  66
   0
   0
  20
  35
   0
   0
   0
   0
   0
   0
   0
   0
   0
   0
   0
   0
   0
   0
   0
   0
   0
   0
   0
   0
   0
   0
  11
  38
   0
   0
   0
   0
   0
   0
   0
   0
   0
   8
  23
   0
   0
   0
  15
   0
   8
  16
   0
   0
   0
   0
   0
   0
   0
   0
   2
  16
   0
   0
   9
  12
   0
   0
   0
   4
  17
   4
  26
   0
  11
   7
   0
   0
   0
   0
   0
  26
  44
  14
   7
  34
  82
  23
  26
  56
 116
  33
  55
   0
   0
   4
   0
  19
   0
   0
  13
  34
  14
   0
  39
   0
  10
  13
   0
   0
   0
   0
   0
  11
   0
   0
   0
   0
  20
   0
   0
  53
   0
  36
   1
  29
  19
  81
  36
  14
   0
   0
   0
   0
  48
   0
   0
   0
  16
  51
  21
   0
   0
   0
  61
   4
  23
   0
   0
  41
   0
   7
   0
  26
  29
   0
   3
  23
   0
  15
   4
  11
   0
   0
   0
   0
   0
   4
   0
   0
   0
   0
  23
   0
   0
   0
  27
   4
   0
   0
   2
   0
   0
   0
   0
   0
   0
   0
   0
   0
   0
   0
   0
  17
   0
   0
   0
   0
   0
   0
   0
   0
   0
  18
   0
   0
   5
   3
  23
  17
   3
   0
   0
  13
  11
   0
  18
   0
   0
   0
  16
   0
   0
   0
  15
  22
  41
  26
  27
   0
   9
   0
   0
   0
   0
   0
   6
  12
   0
   0
  19
   0
  27
  20
  15
   0
  30
   9
   0
   0
   0
   0
   0
  17
  20
   6
   0
   0
   0
   0
   0
   0
   0
   0
   0
   0
   0
   0
   0
   0
   0
  12
  15
  17
   0
   0
   0
  23
  39
   0
   0
   0
   0
   0
   0
   0
   0
   0
   0
  58
  10
   0
   9
  55
  56
  11
  16
   7
   6
   6
  17
   0
   5
  21
   8
   0
   0
   0
   0
   0
   0
  22
   0
  22
   0
  10
   0
   6
   0
   0
  23
   2
  10
   0
   0
  33
   0
  12
   0
   9
   0
   0
   0
   6
   9
   0
  44
   0
   0
   0
  13
  22
   0
   0
  13
   0
   0
   7
   0
   0
   0
   0
   0
   1
   3
   0
   0
   0
   0
   0
   4
   0
   0
  37
   8
   0
  11
  53
   0
  14
  21
   0
  28
   0
   0
   0
   0
   0
   0
   0
   3
   0
   0
   0
   0
  21
   0
   0
  23
   1
  11
   0
  15
  17
  29
   0
  24
  39
  33
  11
   2
   3
   1
   0
  12
   0
   0
  62
   0
  45
   0
   0
  13
   0
  37
  42
   0
   0
   0
   0
   5
  48
   7
   0
   0
  40
   1
  40
   0
  32
  43
   5
   2
  15
   0
   0
   2
   0
   0
   0
   0
  29
  17
   8
   0
   0
  48
  93
   1
  21
   0
  41
  31
  17
   1
  25
  18
  21
  38
   0
   0
  18
   0
   0
   0
  42
  50
  34
  50
  34
  64
   0
  10
   0
  39
  35
   0
  12
  10
  31
  33
   0
   4
   0
   0
   0
   0
   0
   5
   0
   0
   0
   0
   0
   0
  55
   0
  26
   0
   0
   0
   0
  48
   0
   0
   0
  15
   1
   0
   0
   0
   0
   0
   0
   0
  14
  36
   0
   0
   0
   0
  12
   0
   0
   0
  31
   0
  40
   5
  23
  12
   0
   0
   0
   5
  14
   0
   0
   0
  27
   8
   2
   8
  36
  16
   0
   0
   0
  12
   0
   0
   0
   0
   0
  24
   0
   0
   0
   0
   0
   0
   0
   2
   0
   0
   0
   0
   0
   0
   0
   0
   0
   0
   4
   0
   0
   0
   4
   0
   0
   0
   8
  19
   0
   0
   0
  17
   6
   2
  28
   0
   0
   0
  22
  12
   9
  18
  27
   0
   0
  10
   0
   0
   0
   5
   0
  32
   0
   5
   0
   0
   0
   0
   0
   0
  11
   0
   0
   0
  10
   0
   7
   0
   0
  73
  46
   0
  25
   0
   5
  68
  36
  25
   0
   8
   0
   0
   0
   0
   0
   0
   0
   0
   0
  12
   0
  47
   7
   0
   0
   0
   0
  20
  50
   0
   0
  33
  49
  25
  34
  16
   0
  10
  12
   0
   0
  31
   0
   0
   0
   0
   8
   0
   8
   4
   0
  15
   0
   0
  16
   0
  32
   5
   0
   0
   0
   0
  17
   1
   4
  21
   0
   5
   0
  25
  11
   0
  49
   0
   0
  11
  42
  14
   0
   0
  13
   4
   7
   0
   0
   9
   0
   0
   0
   0
   0
   0
   0
   0
   0
   0
   0
   0
   0
   0
   0
   0
  15
   0
   0
   0
   0
   0
   0
   0
   0
   0
  32
   0
   4
   2
   0
   0
   0
   0
   0
   0
   1
  49
   0
   4
   5
  37
  54
  42
  26
  23
  67
  38
  28
   6
  40
   0
   9
  31
  17
  23
  48
  48
   0
   0
   6
   0
   0
   0
   0
  49
   0
  45
   0
   8
   0
   5
   0
   1
   0
   0
   4
   0
   0
   0
   0
   0
   0
   0
   0
   0
   2
   0
   0
  10
   0
  14
   0
   0
  21
   0
   0
   0
   9
   0
   8
   4
   2
  13
   0
   0
  18
  26
  40
  15
  13
  48
   0
  15
   0
   0
   0
  30
   0
   0
   4
   0
   4
   0
   0
   2
   0
   0
   0
  11
   0
  46
   0
   1
   0
  40
  59
   2
  14
  17
   0
   8
  49
  50
   0
   0
   0
   2
  17
   0
  45
  77
  20
   0
  10
   0
   0
   0
   0
  41
   8
   0
  20
  25
  15
  11
  37
  54
  15
   8
  35
  15
   0
   4
  15
   0
   0
   0
  39
   1
  63
   7
  36
  33
  10
   0
   6
  15
   0
   4
   0
   0
   0
   0
   0
  49
   0
   0
   5
  15
  55
  27
  35
   0
   0
   9
  39
   0
   4
  29
   0
   0
   0
  27
   0
   0
   0
  13
  42
   0
   0
  24
   0
   1
  62
   0
   0
  29
  17
   4
   0
   0
   0
   0
   0
  31
   0
   0
   7
   0
   0
   0
   0
   0
   0
   0
   0
   0
   0
   0
   0
   8
  15
   0
   7
   0
   0
   3
   0
   4
   0
   0
   0
  15
   0
  16
   0
  20
  31
   0
  13
  10
  31
   0
  20
   0
  35
  23
   0
  20
  62
   0
   0
   0
   0
   0
   0
   0
   0
   0
   0
   0
   0
   0
   6
   0
  17
   0
   0
   0
   0
  23
   0
   0
   0
   0
   0
  13
   0
  17
   0
   0
   0
   0
  22
   1
   0
   0
   0
  24
   8
   0
   0
   0
   0
   0
  25
  53
  35
   0
   1
   0
   0
   0
   0
   2
   0
   0
   0
   0
   0
   0
   0
   6
   0
   0
  14
  13
   0
   5
  41
  19
   0
  29
  12
  60
  33
  48
  45
  18
  34
  11
   0
   0
   0
   0
   0
   0
   0
   0
   0
   0
   0
   0
   0
   0
   0
   0
  28
  45
   9
  10
   0
   7
   6
   7
  16
  84
  44
  58
   0
  28
   4
  13
   0
   0
   0
   0
   0
   0
  27
  11
   6
  31
   0
  13
   0
   8
   0
   0
  11
  14
   7
  11
   0
   0
   0
   0
  39
   0
   0
   0
  15
   0
   0
   0
  29
   0
   0
   5
   0
   0
   0
   0
   0
   0
   0
   9
  15
   0
   0
   7
  18
  26
   3
  17
  15
   0
  13
  47
   0
  15
  31
  28
   0
   4
   0
   6
  23
  28
  27
   1
   0
   0
   0
   0
   0
   0
   0
   7
   0
  38
   0
   0
   0
   0
   9
  11
   0
   0
   0
   0
  11
   0
   0
  25
  36
  26
   0
   0
  32
   5
   0
   6
   0
  42
   0
  14
   0
  55
   7
  55
   0
  42
  34
   0
  20
   0
   0
   0
  36
   0
   0
   0
  57
  38
  18
  47
   0
  18
   0
   0
   4
   0
   0
   2
   0
   0
   0
   0
   0
  16
   0
   0
   0
   0
   0
   0
   0
   0
   0
   0
   0
   0
   0
   0
  30
   0
   0
   0
  14
   0
   0
  23
   0
   0
   0
   0
  43
   0
  12
  26
  24
  19
   0
  27
  22
  21
  36
   0
   0
   0
  11
   0
   0
   0
   0
  32
   0
   0
  10
   0
   0
   0
   2
   2
  10
   0
   0
   8
   0
   0
   0
   0
   1
   0
   0
   0
  33
   0
   0
   0
  26
   0
   0
   0
   0
  22
   0
   0
   0
   0
   4
   2
  24
   2
   8
   9
  19
   9
   8
  28
   0
   0
   0
  50
   0
   0
   0
   0
   7
  19
  24
   0
   0
   0
   0
   0
   0
   0
   0
   0
  13
   0
   0
   0
   3
   0
  21
  13
  27
   0
  22
  40
   0
  46
   1
   0
   0
   0
   0
   0
   0
   0
   0
   0
  18
   0
   0
   0
  10
   0
   0
  11
   0
   0
   0
   0
   9
   0
   0
   2
   0
   0
  19
   0
   0
  32
   8
  21
  40
   0
  50
   0
   0
  17
  25
   6
   0
   0
   0
   0
   0
   7
   0
   0
  20
   0
   0
   0
   0
  36
   6
  29
   0
   0
   0
   0
   0
   0
   0
  24
   0
  13
   0
   0
   0
  12
   0
   0
   6
   0
   4
  16
  43
  31
   5
   2
  12
  11
   0
   5
   0
   0
  71
  14
   0
   0
   0
   0
   0
  39
   0
  38
   4
  10
  36
   0
  17
   0
  14
  34
  26
  31
  38
  25
   0
   0
   0
  24
  12
   2
   0
   0
   0
   5
   0
   8
   2
   9
   0
   0
   0
   0
  13
   0
   0
   0
   0
   0
  50
  63
  20
   0
  14
   9
   1
  35
   0
   0
   0
  10
   4
  10
  17
  45
  24
  37
  64
  26
   0
   0
   0
   0
   3
   0
   9
   0
   1
   0
   0
   6
  15
   0
  33
  11
   0
   7
   1
  35
   0
  55
  26
  37
   0
  35
  27
   0
   0
   0
  19
   0
   0
   4
  15
  30
   0
   0
   0
  11
   0
   0
   0
   0
   0
   0
   0
   0
  22
   0
  17
  50
   0
   0
   7
   0
  22
   0
   0
   0
  22
  66
  49
   0
   0
   4
   0
  24
   0
  22
   1
  10
   0
  76
  31
   0
   0
   0
   0
   0
   2
   0
  10
   0
  71
  49
  15
   0
   0
  57
  56
  14
   0
  30
  21
  28
   0
  20
  17
   8
   0
   0
   0
   0
   0
  21
   9
   0
  15
   0
   9
  45
   0
   0
   0
   0
   6
   0
   0
   0
  34
   0
   0
   0
   0
  22
   0
  21
   0
   4
  26
  13
   4
   0
   0
   0
   0
  40
   5
   0
   0
   8
   0
   0
  35
  16
  32
   0
  22
   8
   1
   0
   0
   0
   0
  77
   0
   3
   0
  30
   0
   0
   0
  17
  13
   0
   0
   0
   9
   0
   0
   0
  42
  36
   5
   0
   0
   7
   0
   0
   0
   0
  11
   0
   0
   0
   0
   0
   0
   0
   0
   0
  16
  13
   8
  32
   0
  39
  53
   0
   0
   0
   0
   0
  24
  11
   0
   0
   0
   4
   7
   0
  19
   0
   0
   0
   0
   0
   0
  24
   1
   0
   0
  14
   0
   0
   0
   0
   0
   0
   0
   0
   0
  15
  18
  11
  12
   5
   0
   0
   0
   0
   0
   0
  18
  19
  38
  43
   0
  37
  12
  16
   0
   0
   5
  16
   0
   0
   0
  12
   0
   0
   0
   0
   0
   0
   0
   0
   0
   0
  32
   0
  31
   0
  16
  27
   0
   0
   0
   0
   5
   0
   0
   0
   0
   0
  12
   0
  43
  13
   4
  26
  12
   0
   0
  10
  16
   0
   0
   0
   0
   0
   0
   0
   0
   7
   0
   7
  25
   0
   0
  18
  50
  37
  44
   0
   0
   6
  69
  17
  41
   5
   0
   0
  31
  35
  32
   0
   0
  67
  26
   0
   4
   0
  18
   0
   8
   0
   0
   0
   0
   0
   0
  37
   0
   0
   0
  25
   0
   7
  10
   0
  40
  12
   6
  13
   0
   0
   0
   3
  43
   0
   0
   0
  14
   0
   0
  53
   0
  22
   1
  16
   0
   0
   0
  28
   0
  46
   0
   0
  28
  12
  21
   0
  17
   0
   0
  12
  23
   0
   0
   0
   0
   0
   0
  23
   0
   6
   4
   0
  12
   0
   0
   0
   8
   8
   0
   0
   9
   0
  21
  17
   0
  77
   0
  18
   0
  13
   0
   0
   0
   1
  18
  19
   0
   0
   0
   7
   0
   0
  70
   0
   0
   0
  10
   7
   0
   0
   0
   0
   0
   0
   0
   0
   0
   1
   0
   0
   0
   0
   0
   7
   8
   0
   0
  25
  18
  20
  29
  17
   0
   0
  19
  11
  17
   3
   0
  11
  30
   0
  35
  57
   0
  23
   0
   0
   0
   0
  11
   0
  20
   0
  24
   8
   0
  40
  14
   0
   0
   1
  31
   4
   0
   0
   0
   0
  30
   0
   0
   7
  16
   0
   0
   0
  37
   0
   0
   0
   3
   0
   0
  26
