  22
   0
   2
   0
  60
  85
  21
  33
   0
  37
  24
  17
   0
   7
  20
   0
   0
   0
   0
   0
  55
   0
   0
  13
  30
   0
   0
   0
   0
   0
   0
   0
   0
   0
   0
   0
   0
   0
   0
   0
   0
   0
   0
   0
   0
   0
   0
   9
  28
   0
   0
   0
   0
   0
   0
   0
   0
   0
   6
  15
   0
   0
   0
  14
   0
   6
  11
   0
   0
   0
   0
   0
   0
   0
   0
   1
  13
   0
   0
   7
  10
   0
   0
   0
   2
  15
   4
  23
   0
  12
  11
   0
   0
   0
   0
   0
  20
  43
  11
   5
  32
  72
  16
  24
  50
 102
  26
  52
   0
   0
   0
   0
  13
   0
   0
   9
  30
  10
   0
  36
   0
   9
  14
   0
   0
   0
   0
   0
   8
   0
   0
   1
   0
  15
   0
   0
  48
   0
  30
   0
  26
  16
  72
  31
  20
   0
   0
   1
   0
  44
   0
   0
   0
  11
  49
  19
   0
   0
   0
  54
   4
  15
   0
   0
  37
   0
   3
   0
  23
  25
   0
   3
  19
   0
  12
   6
  11
   0
   0
   0
   0
   0
   6
   0
   0
   0
   0
  22
   0
   0
   0
  26
   2
   0
   0
   2
   0
   0
   0
   0
   0
   0
   0
   0
   0
   0
   0
   0
  15
   0
   2
   0
   0
   0
   0
   0
   0
   0
  18
   0
   0
   0
   0
  19
  14
   3
   0
   0
  11
   7
   0
  16
   0
   0
   0
  13
   0
   0
   0
  13
  18
  37
  28
  25
   0
  12
   0
   0
   0
   0
   0
   5
   5
   0
   0
  17
   0
  20
  17
  11
   0
  28
   3
   0
   0
   0
   0
   0
  15
  15
   5
   0
   0
   0
   0
   0
   0
   0
   0
   0
   0
   0
   0
   0
   0
   0
  11
  12
  13
   0
   0
   4
  22
  38
   0
   0
   0
   0
   0
   0
   0
   0
   0
   0
  49
  14
   0
   8
  51
  47
   8
  13
   6
   4
   5
  20
   0
   4
  21
   8
   0
   0
   0
   0
   0
   0
  23
   0
  18
   0
  11
   0
   7
   0
   0
  23
   3
  11
   0
   0
  29
   0
  11
   0
  10
   0
   0
   0
   7
  11
   0
  36
   0
   0
   0
  12
  20
   0
   0
   9
   0
   0
   7
   0
   0
   0
   0
   0
   2
   3
   0
   0
   0
   0
   0
   3
   0
   0
  30
   2
   0
  15
  44
   0
  15
  21
   0
  23
   0
   0
   0
   0
   0
   0
   0
   2
   0
   0
   0
   0
  19
   0
   0
  21
   0
  10
   0
  11
  17
  25
   0
  19
  33
  30
  11
   2
   0
   3
   0
  10
   0
   0
  54
   0
  34
   0
   0
  11
   0
  32
  37
   0
   0
   0
   0
   5
  41
   6
   0
   0
  34
   1
  38
   0
  26
  41
   5
   0
  10
   0
   0
   2
   0
   0
   0
   0
  23
  12
   9
   0
   0
  43
  81
   0
  17
   0
  39
  25
  15
   0
  25
  19
  21
  32
   3
   0
  17
   0
   0
   0
  37
  40
  28
  41
  33
  54
   0
   9
   0
  34
  29
   0
   9
  11
  27
  30
   0
   5
   0
   0
   0
   0
   0
   0
   0
   0
   0
   0
   0
   0
  43
   0
  17
   0
   0
   0
   0
  39
   0
   0
   0
  14
   1
   0
   0
   0
   0
   0
   0
   1
  12
  32
   0
   0
   0
   1
  10
   0
   2
   0
  32
   0
  36
   4
  19
   8
   0
   0
   0
   7
   6
   0
   0
   0
  23
  10
   1
   6
  32
  16
   0
   0
   0
  12
   0
   0
   0
   0
   0
  25
   0
   0
   0
   0
   0
   0
   2
   5
   0
   0
   0
   0
   0
   0
   0
   0
   0
   0
   2
   0
   0
   0
   2
   0
   0
   0
   6
  21
   0
   0
   0
  15
   8
   4
  26
   0
   0
   0
  18
  11
   7
  16
  23
   0
   0
  11
   0
   0
   0
   6
   0
  24
   0
   7
   0
   0
   0
   0
   0
   0
  10
   0
   0
   0
   8
   0
  11
   0
   0
  63
  38
   0
  24
   0
  12
  62
  32
  25
   0
   9
   0
   0
   0
   0
   0
   0
   0
   0
   0
  14
   0
  38
   8
   0
   0
   0
   0
  16
  44
   0
   0
  31
  43
  19
  32
  12
   0
   4
  12
   0
   0
  26
   0
   0
   0
   0
   6
   0
   3
   2
   0
  15
   0
   0
  16
   0
  25
   2
   0
   0
   0
   0
  12
   3
   1
  17
   0
   7
   0
  21
   2
   0
  43
   0
   0
  11
  40
   8
   0
   0
   8
   5
   1
   0
   0
  10
   0
   0
   0
   0
   0
   0
   0
   0
   0
   0
   0
   0
   0
   0
   0
   0
  11
   2
   0
   0
   0
   0
   0
   0
   0
   0
  25
   0
   2
   2
   0
   0
   0
   0
   0
   0
   0
  45
   0
   8
   2
  33
  44
  31
  20
  20
  61
  29
  23
   5
  35
   0
   7
  30
  15
  18
  42
  39
   0
   0
   6
   0
   0
   0
   0
  42
   0
  40
   0
   3
   0
   3
   0
   1
   0
   0
   5
   0
   0
   0
   0
   0
   0
   0
   0
   0
   2
   0
   0
   9
   0
  12
   0
   0
  16
   0
   0
   0
  10
   0
   6
   2
   1
   6
   1
   0
   9
  27
  32
  11
   9
  41
   2
  15
   0
   0
   0
  24
   0
   0
   8
   0
   8
   0
   0
   3
   0
   0
   0
  11
   0
  44
   2
   0
   0
  35
  53
   6
  16
   9
   0
   4
  42
  45
   0
   1
   0
   5
  12
   0
  37
  68
  18
   0
   7
   0
   0
   0
   0
  36
   8
   0
  16
  20
  15
   9
  33
  46
  12
   5
  28
  14
   0
   0
  14
   0
   0
   0
  33
   0
  53
   6
  31
  30
   7
   0
   3
  16
   0
   5
   0
   0
   0
   0
   0
  47
   0
   0
   7
  11
  44
  25
  29
   0
   0
  10
  35
   0
   6
  24
   0
   0
   0
  20
   0
   0
   0
  10
  35
   0
   4
  24
   0
   0
  56
   0
   0
  19
  12
   3
   0
   0
   0
   0
   0
  24
   0
   0
   5
   0
   0
   0
   0
   0
   0
   0
   0
   0
   0
   0
   0
   7
  15
   0
   5
   0
   0
   1
   0
   0
   0
   0
   3
  12
   0
  16
   0
  15
  25
   0
  10
  13
  24
   0
  23
   0
  31
  17
   0
  22
  51
   0
   0
   0
   0
   0
   0
   0
   0
   0
   0
   0
   0
   0
   6
   0
   9
   0
   0
   0
   0
  19
   0
   0
   0
   0
   0
   8
   0
  16
   0
   0
   0
   0
  18
   0
   0
   0
   0
  14
   5
   0
   0
   0
   0
   0
  22
  44
  28
   0
   2
   0
   0
   0
   0
   5
   0
   0
   0
   0
   0
   0
   0
   2
   0
   0
  13
  12
   0
   0
  34
  14
   0
  27
  14
  54
  28
  43
  37
  17
  30
  13
   0
   0
   0
   0
   0
   0
   0
   0
   0
   0
   0
   0
   0
   0
   0
   0
  26
  37
   9
   9
   0
   4
   6
   6
  16
  73
  33
  53
   0
  26
   0
  16
   0
   0
   0
   0
   0
   0
  30
  12
   3
  30
   0
  10
   0
   5
   0
   0
  12
   6
   6
  11
   0
   0
   0
   0
  35
   0
   0
   0
  17
   0
   0
   0
  30
   0
   0
   5
   0
   0
   0
   0
   0
   0
   0
  10
  16
   0
   0
   5
  18
  20
   0
  19
   9
   0
  16
  44
   0
  11
  27
  25
   0
   3
   0
   5
  22
  27
  25
   1
   0
   0
   0
   0
   0
   0
   0
  12
   0
  33
   0
   0
   0
   0
   8
   5
   0
   0
   0
   0
  11
   0
   0
  20
  30
  20
   0
   0
  27
   6
   1
   4
   0
  39
   0
  14
   0
  45
   9
  48
   0
  35
  28
   0
  18
   0
   0
   0
  23
   0
   0
   0
  51
  31
  13
  40
   0
  13
   0
   0
   2
   0
   0
   2
   0
   0
   0
   0
   0
  15
   0
   0
   0
   0
   0
   0
   0
   0
   0
   0
   0
   0
   0
   0
  25
   0
   0
   0
  10
   0
   0
  16
   0
   0
   0
   0
  35
   0
   4
  24
  21
  21
   0
  23
  20
  20
  33
   0
   0
   0
   8
   0
   0
   0
   0
  31
   0
   0
  16
   0
   0
   0
   0
   2
  10
   0
   0
   9
   0
   0
   0
   0
   1
   0
   0
   0
  27
   0
   0
   0
  21
   0
   0
   0
   0
  20
   0
   0
   0
   0
   3
   0
  22
   0
   4
   8
  16
   9
   3
  25
   0
   0
   0
  45
   0
   0
   0
   0
   5
  21
  22
   0
   0
   0
   0
   0
   0
   0
   0
   0
  11
   0
   0
   0
   1
   0
  16
  13
  24
   0
  22
  35
   0
  36
   2
   3
   0
   0
   0
   0
   0
   0
   0
   0
  16
   0
   0
   0
   8
   0
   0
  10
   0
   0
   0
   0
   8
   0
   0
   5
   0
   0
  15
   0
   0
  29
   8
  19
  35
   0
  38
   0
   0
  16
  19
   8
   0
   0
   0
   0
   0
  10
   0
   0
  16
   0
   0
   0
   0
  34
   7
  27
   0
   0
   0
   0
   0
   0
   0
  20
   0
  12
   0
   0
   0
   7
   0
   0
   5
   0
   1
  13
  37
  23
   5
   0
  10
  14
   0
   0
   0
   0
  62
   9
   0
   0
   0
   0
   0
  38
   0
  32
   2
  12
  28
   0
  11
   0
  12
  29
  23
  31
  37
  24
   0
   0
   0
  24
   8
   2
   0
   0
   0
   4
   0
   9
   0
   8
   0
   0
   0
   0
   7
   0
   0
   0
   0
   0
  42
  54
  18
   0
   9
  11
   0
  32
   0
   0
   0
  10
   3
  11
  15
  40
  21
  33
  56
  21
   0
   0
   0
   0
   3
   0
   6
   0
   0
   0
   0
   3
  13
   0
  30
   9
   0
   5
   2
  33
   0
  50
  27
  32
   0
  25
  22
   0
   0
   0
  17
   0
   0
   5
  10
  28
   0
   0
   0
  11
   0
   0
   0
   0
   0
   0
   0
   0
  18
   0
  16
  48
   0
   0
   4
   0
  19
   0
   0
   0
  18
  55
  46
   0
   0
   4
   0
  23
   0
  21
   5
   7
   0
  66
  22
   0
   0
   0
   0
   0
   2
   0
   4
   0
  56
  39
  10
   0
   0
  50
  52
  14
   0
  25
  21
  24
   0
  15
  12
   6
   0
   0
   0
   0
   0
  19
   8
   0
  14
   0
   9
  43
   0
   0
   0
   0
   3
   0
   0
   0
  31
   0
   0
   0
   0
  22
   0
  17
   0
   1
  20
  13
   0
   0
   0
   0
   0
  34
  10
   0
   0
  11
   0
   0
  29
  16
  35
   0
  25
   5
   1
   0
   0
   0
   0
  67
   0
   0
   0
  25
   0
   0
   0
  15
   8
   0
   0
   0
   7
   0
   0
   0
  39
  31
   7
   0
   0
   5
   2
   0
   0
   0
  11
   0
   0
   0
   0
   0
   0
   0
   0
   0
  12
  14
   6
  28
   0
  37
  48
   0
   0
   0
   0
   0
  22
  14
   0
   0
   0
   1
   9
   0
  18
   0
   0
   0
   0
   0
   0
  19
   2
   0
   0
  14
   0
   0
   0
   0
   0
   0
   0
   0
   0
  12
  13
  12
  16
   3
   0
   0
   0
   0
   0
   0
  12
  16
  35
  37
   0
  32
  12
  15
   0
   3
   2
  11
   0
   0
   0
  13
   0
   0
   0
   0
   0
   0
   0
   0
   0
   0
  28
   0
  25
   0
  13
  26
   0
   0
   0
   0
   2
   0
   0
   0
   2
   0
   7
   0
  40
   9
   0
  21
   9
   0
   0
   7
  17
   0
   0
   0
   1
   0
   0
   0
   0
   5
   0
  10
  21
   0
   0
  15
  51
  32
  41
   0
   0
   6
  64
  16
  34
   3
   0
   1
  25
  26
  29
   0
   0
  54
  25
   0
   1
   0
  19
   0
   7
   0
   0
   0
   0
   0
   0
  30
   0
   0
   0
  22
   0
   9
   5
   0
  35
  13
   5
  13
   0
   0
   0
   4
  38
   0
   0
   0
  11
   0
   0
  46
   0
  20
   1
  15
   0
   0
   0
  29
   1
  42
   0
   0
  23
  14
  18
   0
  11
   0
   0
  12
  21
   0
   0
   0
   0
   0
   0
  18
   0
   7
   1
   0
   8
   0
   0
   0
  10
   2
   0
   1
  10
   0
  19
  15
   0
  72
   0
  13
   0
   9
   0
   0
   0
   0
  15
  18
   0
   0
   0
   4
   0
   0
  57
   0
   0
   0
   8
   7
   0
   0
   0
   0
   0
   0
   0
   0
   0
   1
   0
   0
   0
   0
   0
   7
   7
   0
   0
  21
  12
  17
  19
  16
   0
   0
  16
  12
  23
   4
   0
  11
  25
   0
  29
  51
   0
  22
   0
   0
   0
   0
   8
   0
  17
   0
  24
   5
   0
  34
  13
   0
   0
   4
  25
   3
   0
   3
   0
   0
  24
   0
   0
   3
  13
   0
   0
   0
  37
   0
   0
   0
   2
   0
   0
  24
