# shape: [1, 128, 8, 8]
# features.8_output [N=0, C=0]
   0     0     0     0     2     0     0     2
  30     0     0     0     0     0     0     0
  34    55    43    16    22     0    11     9
  40    66    93    59    13    21    16    41
   0     0    39    25     0     0     0     0
   0     0    20    14     0    23    16    17
   0     0     5     0     0     0     0     0
   0     0     0     0    18     0     0     0

# features.8_output [N=0, C=1]
   0     0     0     0     0     0     0     0
   0     0     0     0     0     0     0     0
  66     0     0     0     0     0     0     0
   4     0     0     0     0     0    20     0
   0    35     0     0     0     0     0     0
   0     0     0     0     0     0     0     0
   0     0     0     0     0     0     0     0
   0     0     0     0     0     0     0     0

# features.8_output [N=0, C=2]
   0     0     0     0     0     0     0     0
   0     0     0     0     0     0     0     0
   0     0     0     0     0     0     0     0
   0     0     0     0     0     0     0     0
   0     0     0     0     0     0     0     0
   0     0     0     0     0     0     0     0
   0     0     0     0     0     0     0     0
   0     0     0     0     0     0     0    11

# features.8_output [N=0, C=3]
   0     0     0     0     0     0     0     0
   0    38     0     0     0     0     0     0
   0     0     0     0     0     0     0     0
   0     0     0     0     0     0     0     0
   0     0     0     0     0     8    23     0
   0     0     0     0     0     0     0     0
   0     0     0     0     0     0     0     0
   0     0     0     0     0     0    15     0

# features.8_output [N=0, C=4]
   0     0     0     0     0     0     0     0
   0     0     0     8    16     0     0     0
   0     0     0     0     0     0     0     0
   0     0     0     0     0     0     0     0
   0     0     0     0     0     0     0     0
   0     0     0     0     0     0     0     2
   0     0     0     0     0     0     0     9
  16     0     0     0     0     0     0     0

# features.8_output [N=0, C=5]
   0     0     0     0     0     0     0     0
  12     0     0     0     0     0     0     0
   0     4     0    17     0     4    26     0
   0     0     0     0     0     0     3     0
   0     0    11     0     7     0     0     0
   0     0     0     0     0     0     0     0
   0     0     0     0     0     0     0     0
   0     0     0     0     0     0     0     0

# features.8_output [N=0, C=6]
   0    11    14    16     0     0     0     0
  26     0     0    44     0    14     0     7
  10     0    18    20     0     0    26    22
   4    34    82    61    23     0     0     0
   0    56   116    80    24    33     0     0
   0     0     0     0     3     0     0    55
   0     0     0     0     4     0     0     0
   0     0     0     0     0     0     0     0

# features.8_output [N=0, C=7]
  19     0     0     0     0     0     8     6
   0     0     0     0     0     0     0    13
  34     8     0     0     0     0     0    39
   1     0    14     0     0     0     0     0
   0     0    10     0    13     0     0     0
   0     0     0     0     0     0     0     0
   0     0     0     0     0     0     0     0
   0     0     0     0     0     0     0     0

# features.8_output [N=0, C=8]
   0    11     0     0     0     0     0     0
   4     0     0     0     0     0     0     0
   0     0     0     0     0     0     0     0
   0     0     0    20     0     0     0     0
  30    53     0     0    36    36     0     0
   0     0     0     0     0     0     0     1
   0     0     0     0    11     0     0     0
   1    29     0    19    81    14    36     0

# features.8_output [N=0, C=9]
   0     0     0     0     0     0     0     0
   0    14     0     0     0     0     0     0
   0     0     0     0     0     0     0     0
   0     0    13    48     0     0     0     0
   0     0    16    10    19    51     0     0
   0     0    13     0     0    26    21     0
   0     0     0     0     0     0    61    21
   0     0     0     0     0     0    27     0

# features.8_output [N=0, C=10]
   0     0     0     0     0     0     0     0
   0     4     1    23     0     0     0     0
   0    20     0     0     0     7     0     0
   0    41     0     0     0     0     0     0
  26     0    29     0     0     0     0     0
   0     9     0     0     0     0     0     3
   0    23     0     0     0    15     4     0
   0     0     0     0     0     0     0     0

# features.8_output [N=0, C=11]
   0    11     0     0     0     0     0     0
  10     0     0     0     0     0     0     0
   0     0     0     0     0     0     0     0
   0     0     0     0     4     0     0     0
   0     0     0     0     0     0     0     0
   0     0     0     0     0     0     0    23
   0     0     0     0     0     0     0    27
   0     0     0     0     0     0     0     0

# features.8_output [N=0, C=12]
   4     0     0     0     0     0     0     2
   0     0     0     0     0     0     0     0
   0     0     0     0     0     0     0     0
   0     0     0     0     0     0     0     0
   0     0     0     0     0     0     0     0
   0     0     0     0     0     0     0     0
   0     0     0     0     0     0     0     0
   0     0     0     0     0     0     0     0

# features.8_output [N=0, C=13]
   0     0     0     0     0     0     0     0
  17     0     0     0     0     0     0     0
   0     0     0     0     0     0     0     0
   0     0     0     0     0     0     0     0
   0     0     0     0     0    18     0     0
   0     0     0     0     0     0     0     0
   0     0     5     0     0     0    23     0
   0     0     0     0     0     3     0     0

# features.8_output [N=0, C=14]
   0    17     0     3     0     0     0     0
  14     0     0     0     0     0     0     0
  13     0     2     0     0     0     0     0
   0     0    11     0     0     0    18     8
   0     0     0     0     0     0     0    16
   0     0     0     0     0     0     0     0
   0     0     0     0     0     0     0     1
   0     0     0     0     0     0    15     4

# features.8_output [N=0, C=15]
  15    22     0    19    23    25    27     8
   0     0     0    41    26     2     3     0
   0     0     9     0     0     0     0     0
   0     0     0     0     0     0     0     0
   0     0     0     0     0     0     6     0
   0     0     0     0     0     0     0     0
   0    12     0     0     0     0     0     0
   0     0     0     0     0     0     0    19

# features.8_output [N=0, C=16]
   0     0     0    12     0     0     0     0
   0     0     7    27    20     2     0    15
   0     0    30     0     0     0     0     0
   0     0     0     0     9     0     0     0
   0     0     0     0     0     0     0     0
   0     0     0     0     0     0     0     0
   0     9     0    20     0     0     0     0
   0    17    15    17     6     3     0     0

# features.8_output [N=0, C=17]
   0     0     0     0     0     0     0     0
   0     0     0     0     0     0     0     0
   0     0     0     0     0     0     0     0
   0     0     0     0     0     0     0     0
   0     0     0     0     0     0     0     0
   0     0     0     0     0     0     0     0
   0     0     0     0     0     0     0    15
   0     0     0     0    12     0     0     0

# features.8_output [N=0, C=18]
  17     0     0     0     0     0     0     0
   0     0     0     0     0     0     0     0
   0    23     0    39     0     0     0     0
   0     0    19     0     0     0     0     0
   0     0     0     0     0     0     0     0
   0     0     0     0     0     0     0     0
   0     0     0     0     0     0     0     0
   0     0     0     0     0     0     0     0

# features.8_output [N=0, C=19]
  46     0     0     0     0     0     9     6
   0    58    10     0     0     0     5     0
  19    55    56     0    11     0    16     6
   0    37    38     0     0     0     0    13
   0     7     0     0     6     6     0    17
   0     0     6     0     0     1    15     3
   0     0     2     0     4     0     0     0
   0     0     5     0    21     0     8     0

# features.8_output [N=0, C=20]
   0     0     0     0     0     0     0     0
   0     0     0     0     0     0     0     0
   0     0     0     0     0     5     0     0
   0     0     0     0    22     0     0     0
   0     0     0     0    10     0     0     0
  22     0     0     0     0     0     0     0
   6     0     0     0     0     0    16    23
   0     0     0     0     0     0     2     0

# features.8_output [N=0, C=21]
   0     0     0    10     0     0     0     0
   2     0     0     0     0     0     0     0
   0     0     0     0    12     0     0     0
   0    33     0     0     0     0     0     0
   0     9     0     0     0     0     0     0
   0     0     0     0     0     0     0     0
   0     0     0     0     0     0    44     0
   0     6     9     0     0     0     0     0

# features.8_output [N=0, C=22]
   0     0     0     0     0     0     0     4
   0     0     0     0     0     0    13     0
   0     0     0     0     0     0     0    13
   6    22     0     0     0     0     0     2
   0     0     0     0     7     0     0     0
   0     0     0     0     0     0     0     0
   0     0     0     0     0     0     0     0
   0     0     0     0     0     0     0     0

# features.8_output [N=0, C=23]
   1     0     3     0     0     0     0     0
   0     0     0     0     0     0     0     0
   0     0     0     0     0     0     0     1
   0     0     0     0     0     0     0     4
   0     0     0     0     0    37     0     8
   0     0     0     0     0     0     0     0
   0     0     6    11     0    53     0     0
   0     0     0     0    28    19     0     0

# features.8_output [N=0, C=24]
   1    14    21     1     0     0    28     0
   0     1     0     0     0     0     0     0
   0     0     0     0     0     0     0     0
   0     0     0     0     0     0     0     0
   0     0     0     0     0     0     0     0
   0     0     0     0     0     0     0     3
   0     0     0     0     0     0     0     0
   0     0     0     0     0     0     0     0

# features.8_output [N=0, C=25]
  21     0     0     0     0     0    12    23
  13    12     0     0     0     0     0     4
   0     1    11     0     0     0     0     1
   0     0     0     5     0     0     0    15
   0     0    24    29     0     0     0    24
  17     0     0    12     0     0     0     2
   1    22     0    28    11     0     0     0
   8    39    13    33     1     0     2     0

# features.8_output [N=0, C=26]
   0     0     0     0     0     0     0     0
   0     3     0     1     0     0    12     0
   0     0     0     0     0     0     0     0
   0     0     0     0    62     0     0     0
  11    33     0     0     0     0     0    13
  45     0     0     0     0     0     0     0
   0     0     0    37     0     0     0     0
   0     0     0     7     0    42     0     0

# features.8_output [N=0, C=27]
   0     0     0     0     0     0     0     5
   0     0     0     0     0     0     0     0
   0     0     0     0     0     0     0     0
  48     0     0     7     0     0     0     0
   6     0     0     1     0     0     0     0
   0    40     0     0    40     0     0     0
   2    16    42     0     0     0     2     0
  21    32    43    21     5     0     0     0

# features.8_output [N=0, C=28]
   0    15     0     0     0     0     0     2
   0     0     0     0     0     0     0     0
   0     0     0     0     0     0     0     0
   0     0     0     0     0     0     0     0
   0     0     0     0     0     0     0     0
   0    29     0    17     8     0     0     0
   0     0     0    48    93     0     0     0
   0     0     0     0     8     0     0     1

# features.8_output [N=0, C=29]
   0     0     0     0     0     0     0    10
  21     0     0     0    41    23    31    17
  17     0     0     0     0    25    18     2
  17     0     0     1     0     0     0     0
  21     0    34    38     0     0     0     0
  21     0     0     7     0     0     0     0
  18     0     0     0     0     0     0     0
   0     0     0     0     0     0     0     0

# features.8_output [N=0, C=30]
  35     6     0    12     9    16    15    17
  42    42    50    20     0    34    50    23
   6    34    51     0     0     0     0    10
   0     0    64    47     0     0     0     0
   0     0     0    39     0     0     0     0
   0     0     0     0    35     0     0     0
   0     6    10     0    31    13     0     0
  12     1     0     0     0     0    33     0

# features.8_output [N=0, C=31]
   0     0     0     0     0     0     0     0
   0     0     1     4     0     0     0     0
   0     0     0     0     0     0     0     0
   0     0     0     0     0     0     0     5
   0     0     0     0     0     0     0     0
   0     0     0     0     0     0     0     0
   0     0     0     0     0    55     0     0
   0     0     0     0     0     0     0     0

# features.8_output [N=0, C=32]
   0     0     0     0     0     0     0     0
  26     5     0     0     0     0     0     0
   0     0    12     0     0     0     0     0
   0     0    48     0     0     0     0     0
   0     0    15     0     0     0     0     0
   0     0     0     0     0     1     0     0
   0     0     0     0     0     0     0     0
   0     0     0     0     0     0     0     0

# features.8_output [N=0, C=33]
   0     0     0     0     0     0     0     0
   0     0     0     0     0    14    36     0
   0     0     0     0     0     0     0     0
   0     0     0     0     0     0     0     0
   0     0     0     0     0     0     0     0
  12     0     0     0     0     0     0     0
  25    31     0     0    40     0     1     0
   0     0     0     0     0     0     5     0

# features.8_output [N=0, C=34]
  23    17    12     0     0     0     0     0
   0     0     0     0     0     0     0     0
   0     0     0     0     0     0     0     0
   0     0     3     5    14     0     0     0
   0     0     0     0    27     0     7     8
   0     0     0     0     0     0     0     0
   0     0     0     0     0     0     0     0
   0     2     8     0    26    36    16     0

# features.8_output [N=0, C=35]
   0     0     0     0     0     0     2     7
   0     0     0     0     0     0     2    12
   0     0     0     0     0     0     0     0
   0     0     0     0     0     0     0     0
   0     0    24     0     0     0     0     0
   0     0     0     0     0     0     0     0
   0     0     0     0     0     0     0     0
   0     0     0     0     0     0     0     0

# features.8_output [N=0, C=36]
   0     0     0     2     0     0     0     0
   0     0     0     0     0     0     0     0
   0     0     0     0     0     0     0     0
   0     0     0     0     0     0     0     0
   0     0     0     0     0     0     0     0
   0     0     0     0     0     0     0     0
   0     0     0     0     0     0     0     0
   0     4     0     0     0     0     0     0

# features.8_output [N=0, C=37]
   0     0     0     0     0     0     0     0
   0     4     0     0     0     0     0     0
   0     8    19     0     0     0     0     0
   0     0     0     0     0     0     0     0
   0     0     0    17     0     6     2     0
   0     0     0     4     0     0     0     0
   0    28     0     0     0     0     0     0
   0     8     0     0     0     0     0     0

# features.8_output [N=0, C=38]
  11    14     0     0     0     0     2     0
   0    22     0    12     9     0    15    18
  27     0     0     0     0     0     0     9
   0     0     0     0     0     0     9    10
   0     0     0     0     0     0     0     5
   0     0     0     0     0     0     0     0
   0     0    32     0     0     0     0     5
   0     0     0     0     0     0     0     0

# features.8_output [N=0, C=39]
   0     0     0     0     0     0     0     0
   0     0     0     0     0     0     0     0
   0     0     0     0     0     0     0     0
   0     0     0     0    11     0     0     0
   0     0     0     0     0     0     0     0
   0     0     0     0     0    10     0     0
   7     0     0     0     0     0    73    29
   0     0     0     0     0     0     0     0

# features.8_output [N=0, C=40]
   4     0     0     0     0     0     0     0
  46     0     0     0     7    25     0     0
   0     0    16    36    36    11    25     0
   0     5    68    24     0     1     0     0
   0     0     8     0     0     0     0     0
   0     0     0     4     0     0     0     0
   0     0     0     0     0     0     0     0
   0     0     0     0     0     0     0     0

# features.8_output [N=0, C=41]
   0     0     0     0     0     0     0     0
   0     0     0     0     0     0    12     0
   0     0     0     0     7     0     0     0
   0     0    47     0     0     0     0     0
   0     0     0     0     0     0    20     0
   0     0     0     0     0     0     0     0
   0    50     0     0     0     0     0     0
   0     0     0     0     0     0    33    20

# features.8_output [N=0, C=42]
  49    28     6    25    34    18     0     0
   0     0     0     0    27     0    16     0
   0     0    10     0    12     5     0     0
   0     0     0     0     0     0     0     0
   0     0     0     0     0     0     0     0
   0     0     0    31     0     0     0     0
   0     0     0     0     8     0     0     0
   0     0     0     0     0     0     0     0

# features.8_output [N=0, C=43]
   0     8     4     0     0     0     2     0
   0     0     0     0     0     0    15     0
   0     0     0     0     0    16     0     0
   0     0     0     0     0     0     0     0
   4    32     5     0     0     0     0     0
   0     0     0     0     0     0     0     0
   0     0     0     0     0     0     1     0
   0     0     0     0    17     0     0     0

# features.8_output [N=0, C=44]
   0     4     0    14     0     0     0     0
   0     0    21     0     0     0     0     5
   0     0     0     0     0     0     0     0
   0     0    25     0    11     0     0     0
  49    16     0     0     0     0     0    11
   0    30     0     0     0     0     0     0
   0    42    14     0     0     0     0     0
   0     0     0     0     0     0     0     0

# features.8_output [N=0, C=45]
  13     0     0     0     0     3     0     0
   0     0     0     4     7     0     0     0
   0     0     0     9     0     0     0     0
   0     0     0     0     0     0     0     0
   0     0     0     0     0     0     0     0
   0     0     0     0     0     0     0     0
   0     0     0     0     0     0     0     0
   0     0     0     0     0     0     0     0

# features.8_output [N=0, C=46]
   0     0     0     0     0     0     0     0
   0     0     0     0     0     0     0     0
   0     0     0     0     4    15     0     0
   0     0     0     0     2     0     0     0
   0     0     0     0     0     0     0     0
   0     0     0     0     0     0     0     0
   0     0     0     0     0     0     0     0
   0     0     0     0     0     0     0     0

# features.8_output [N=0, C=47]
  32     0     0     0     0     0     0     0
   0     0     0     0     4     0     2     0
   0     0     0     0     0     0     0     0
   0     0     0     0     0     0     0     0
   0     0     0     0     1     0     0     0
   0     0     0     0     0     0    49     0
   0     0     0     4     0     0    37     0
   0     0     0     0     0     5     0     0

# features.8_output [N=0, C=48]
  24    54    42    30    16    26     6    23
   0    17     0     0    16     1    17     0
   0     0     0     8    15    28     6     0
  31    67     0    38     0     0     5     0
  40    26     0     0     0     9    31     0
   0     0     0     0     0     0     0     0
   4     0     0     0     0     0     0     0
  17     0    23    13    48     3    48     0

# features.8_output [N=0, C=49]
   0     0     0     0     6     0     0     0
   0     0     0     0     0     0     0     0
   0     0     0     0     0     0    49     0
   0     0     0     0     0     0    18     0
   0     0     0     0     0     0     0     0
   0     0     0    45     0     0     0     8
   0     0     5     0     0     0     0     0
   0     0     0     0     0     0     0     1

# features.8_output [N=0, C=50]
   0     0     0     0     4     0     0     0
   0     0     0     0     0     0     0     0
   0     0     0     0     0     0     0     0
   0     0     0     0     0     0     0     0
   0     0     0     0     0     0     0     0
   0     0     0     0     0     0     0     0
   0     2     0     0     0     0     0     0
   0     0     0     0     0     0    10     0

# features.8_output [N=0, C=51]
   0     0     0     0     0     0     0     0
   0     0    14     0     0     0     0     0
  21     0     0     0     0     0     0     0
   7     0     0     0     0     0     0     0
   0     0     0     0     8     0     0     0
   0     9     0     0     0     0     0     4
   0     2    13     0     0     0     0     0
   0     0     0     0     0     0     0     0

# features.8_output [N=0, C=52]
   0     0     0    26     0     3     4    15
  18     0     0     0    40     0     0     0
   0     0     0     0     0     0     0     1
   0    13    32    48     0     0    15     0
   0     0     0     0     0     0     0     0
   0     0     0     0     0     0     0    30
   0     0     0     0     4     0     0     0
   0     0     0     0     0     0     0     0

# features.8_output [N=0, C=53]
   4     0     0     0     0     0     0     0
   3     0     0     0     0     0     2     0
   0     0     0     0     0     0     3     0
   0     0     0     0     0     0     0    11
   0     0     0    43     0     0     0     0
   0     0    46     0     0     0     1     0
   0     0    39     0     5    59     0     0
   0     0    40     0    11     2     1     2

# features.8_output [N=0, C=54]
   4     0    17     0     0     0     0     0
  14     0     0     0     0     0     0     8
  23    49     0     0     0     0     0     0
   0    20    50     0     0     0     0     0
   0     0     0     2    17    11     0     0
   0     0     0     0     0     0     0     0
  37     0     0     0     0     0     0     0
  45    25     0    77    20     0     0     0

# features.8_output [N=0, C=55]
   8     0     0     0     0     0     0     0
  10     0     0     0     0     0     0     0
   0     0     0    15     0     0     0     0
   0     0    41     0     8     1     0     0
  20     0    25    14    15     0     0    11
  10     0     3     1     0     0     0     0
   0     0    54     0     6     0     0     0
  37     4    39     0    15     0     0     8

# features.8_output [N=0, C=56]
   0    35    15     0     0     0     0     0
   0     0    14     0     0     0     4     0
   0    15     0     0     0     0     0     0
   0     0     0     0     0     0     0     0
   7    17     0     0    37     0     0     7
   0    39     0     1    63     0     0     0
   0    36    33    23     0     0     0     0
   0     0     0     0    10     0     0     0

# features.8_output [N=0, C=57]
   6     0    15     5     0     0     0     0
   0     0     0     0     0     0     4     0
   0     0     0     0     0     0     0     0
   0     0     0     0     0     0     0     0
   0     0     0     0     0     0     0     0
   0     0    49     0     0     0     0     0
   5     0     0     0    19    55    11     0
   4     0     0    15     0    15     0    27

# features.8_output [N=0, C=58]
   4    35     0     0     0     0     9     0
   0     0     0     0     0     0     0     0
  39     0     0     0     0     0     0     0
   9     0     0     0     4     0    29     0
   0     0     0     0     0     0     0     0
   0     0     0     0     0     0    27     0
   0     0     0     0     0     0     0    13
   0     0     0     0     0     0     0     0

# features.8_output [N=0, C=59]
  42     0     0     0     0     0    24     4
   0     0     0     0     0     0     3     0
   0     0     0     0     0     0     0     0
   0     0     1     0    62     0     0     0
   0     0     0    29    17     0     0     0
   0     0     0     0     0     0     4     0
   0     0     0     0     0     0     0     0
   0     0     0     0     0     0     0     0

# features.8_output [N=0, C=60]
   0     0    31     0     0     0     0     0
   0     0     0     0     0     0     0     0
   7     0     0     0     0     0     0     0
   0     0     0     0     0     0     0     0
   0     0     0     0     0     0     0     0
   0     0     0     0     0     0     0     0
   0     0     0     0     0     0     0     0
   0     0     0     0     0     0     0     0

# features.8_output [N=0, C=61]
   0     0     0     8    15     0     0     0
   0     0     0     1     0     0     0     0
   0     0     0     0     0     0     0     3
   0     7     0     0     0     0     0     0
   0     0     0     0     0     0     0     0
   0     0     4     0     0     0     0     0
   0     0    15     0     0     0     0    16
   0     0     0     0     0     0     0     0

# features.8_output [N=0, C=62]
   0     0     0     0     0     0     0     0
   0     0    20    19    31     0     0     0
  13     0     0    10    24     7     0     0
   5     0     0     0    31     0     0     0
   0    20     0     0     3     9     0    10
   8     0     0     0     0    35     5    23
   0     0     0    20    62     0     0     0
   0     0     0     0     0    17     0     0

# features.8_output [N=0, C=63]
   0     0     0     0     0     0     0     0
   0     0     0     0     0     0     0     0
   0     0     0     0     0     0     0     0
   0     0     0     0     0     0     0     0
   0     0     0     0     0     0     0     0
   0     0     0     0     0     0     0     0
   6     0     0     0     0    17     0     0
   0     0     0     0     0     0     0     0

# features.8_output [N=0, C=64]
   0     0     0     0     0     0     0    23
   0     0     0     0     0     0     0     0
   0     0     0     0     0     0     0     0
   0     0     0     0     0     0     0     0
   0     0    13     0     0     0     0    11
   0     0     0     0     0     0     0    17
   0     0     0     0     0     0     0     0
   0     0     0     0     0     0     0     0

# features.8_output [N=0, C=65]
   8    22     0     0     0     0     0     0
   0     0     0     1     0     0     0     0
   0     0    24     0     0     0     0     0
   0     0     3     0     8     0     0     0
   0     0     0     0     0     0     0     0
   0     0     0     0     0     0     0     0
  18     0    53     0     0     0     0     0
  25     0    24     0    35     0     0     0

# features.8_output [N=0, C=66]
   1     0     0     0     0     0     0     0
   0     0     0     0     0     0     0     0
   0     0     2     0     0     0     0     0
   0     0     0     0     0     0     0     0
   0     0     0     0     0     0     0     0
   0     0     0     0     0     0     0     0
   0     0     0     0     0     0     0     0
   0     0     6     0     0     0     0     0

# features.8_output [N=0, C=67]
   6     0     0     0     0     0     0     0
   0    14     6    13     0     0     5     0
  34    41    19     0     0     0    14    29
   0     0     0     0     0     0     0     0
   0     0     0     0    30    33    48     0
   0    12    60     0     5     0     0     0
   0    45     0    18    34     0     0     0
   0     0     0     0     0     0    11     0

# features.8_output [N=0, C=68]
   0     0     0     0     0     0     0     0
   0     0     0     0     0     0     0     0
   0     0     0     0     0     0     0     0
   0     0     0     0     0     0     0     0
   0     0     0     0     0     0     0     0
   0     0     0     0     0     0     0     0
   0     0     0     0     0     0     0     0
   0     0     0     0     0     0     0     0

# features.8_output [N=0, C=69]
   0    12     0    32     9     0     0    10
   0    28    45     4     0     0     0     0
   0     0     7     0     0     0     0     0
   0     0     0     0     6     0     7     0
   0    13    35     0     0     0     0     0
   0    16    84     0     0    44     0    58
   0     0     0    28     4     0     0     0
   0     0     0     0     0     0    13     0

# features.8_output [N=0, C=70]
   0     0     0     0     0     0     0     0
   0     0     0     0     0     0     0     0
   0     0     0     0    16     4     0     0
   0     0     0     0     3    27     0    11
   0     0     0     0     0     0    13     3
   6     5     0    31     0     0     0     0
   0     0     0     8     0     0     0     0
   0     0     0     0     0     0     0     0

# features.8_output [N=0, C=71]
   0     0    14     0     0     0     0     0
  11     0     0     0     7     0     0    11
   0     0     0     0     0     0     0     0
   0     0     0     0     0     0     0     0
  39     0     0     0     0     0     0     0
  38     0     0     0     0     0     0     0
  15     0     0     0     0     0     0     0
   0     0     0     0     0     0     0     0

# features.8_output [N=0, C=72]
   0    29     0     0     0     0     5     0
   0     0     0     0     0     0     0     0
   0     0     0     0     0     0     0     0
   0     0     0     0     0     0     0     0
   0     0     0     0     0     0     0     0
   0     0     0     0     0     0     0     9
   0     0     0     0     0     0     7     0
  15     0     0     0     0     0     1     0

# features.8_output [N=0, C=73]
   0     0    26     0     0     0     0    16
  18     0     0     0     0     3    17     0
   3    15     0     0     0     0    21    30
   0     0     0     0     0    13    10    47
   0     0     0     3     0    31     0    28
   0     0     0    15     0     0     0    17
   0     0     0     4     0     0     0     0
   0     0     0     0     0     0     0     6

# features.8_output [N=0, C=74]
  21    23     0     0     9    19     1     0
   0     0     0    28    27     1     0     0
   0     0     0     0     0     0     0     0
   0     0     0     0     0     0     0     0
   0     0     0     0     0     0     0     0
   0     0     0     0     0     0     7     0
   0     0    23    38     0     0     0     0
   0     0     0     0     0     0     0     0

# features.8_output [N=0, C=75]
   0     0     0     0     9     0     0     0
   0     0     0     0     0     0    11     0
   0     0     0     0     0     0     0     0
   0     0     0     0     0     0     0     0
   0     0     0     0     0     0     0    25
  11     6     0     0     0     0     0     0
  36     0     0     0     0     0     0     0
   0     0    26     4     0     0     0     0

# features.8_output [N=0, C=76]
  28     2     0     0     0     0     0     3
  32     0     5     0     0     0     0     6
   0     0     0    42     0     0     0    14
   0     0     0     9     0     0     0    14
   0     0     1     0     0     0     0    14
   0     0     0    55     7     0     0    55
   0     0     0    42    34     0     0     0
   0     0     0     0     0     0     0     0

# features.8_output [N=0, C=77]
   0     0     0     0     0     0     0     0
  20     0     0     0     0     0     0     0
   5     0     0     0     0     0     0     0
   0    36     0     0     0     0     0     0
  57    32    38    26    18     0     0     0
  24     0    19     0     0     0    47     0
   0     0    18     0     0     0     0     0
   0     0     3     0     0     0     0     0

# features.8_output [N=0, C=78]
   4     0     0     0     0     0     0     2
   0     0     0     0     0     0     0     0
   0     0     0     0     0     0     0     0
   0     0     0     0     0     0     0     0
   0     0    16     0     0     0     0     0
   0     0     0     0     0     0     0     0
   0     0     0     0     0     0     0     0
   0     0     0     0     0     0     0     0

# features.8_output [N=0, C=79]
   0     0     0     0     0     0     0     0
   0     0     0     0     0     0     0     0
   0     0     0     0     0     0     0     0
   0     0     0     0     0     0     0     0
   0     0     0     0     0     0     0     0
   0    30     0     0     0     0     0     0
   0    14     0     0     0     0     4    23
   0     0     0     0     0     0     9     0

# features.8_output [N=0, C=80]
   0     0     0     0     0     0     0     0
   0     0     0     0     0     0     0     0
   0    43     0     0     0     0     0     0
   3     0     0     0    12     0     0    26
  24     0     9     0     0     0     0    23
   0     0     0    19     0     0     0    27
   4     0     9    12     8     1     0     0
  22     0     0    21    36    14     0     0

# features.8_output [N=0, C=81]
   0     0     0     0    11     0     0     0
   0     0     0     0     0     0     0     0
   0     0     0     0     0     0    32     2
   0     0     0     0     0     0     0     0
   0     0     0     0     0     0     0     0
   0     0     0     0    10     0     0     0
   0     0     0     0     0     0     0     0
   0     0     0     0     2     0     0     2

# features.8_output [N=0, C=82]
  10     0     0     0     0     0     0     8
   0     0     0     0     0     0     0     0
   0     0     0     0     0     0     0     0
   0     0     0     0     0     0     0     0
   1     0     0     0     0     0     0     0
   0     0     0     0     0     0     0     0
   6     0     0     0     0     0     0     0
   1    33     0     0     0     0     0     0

# features.8_output [N=0, C=83]
  26     0     0     0     0     0     0     0
   0     0     0     0     0     0     0     0
   0     0     0    22     0     0     0     0
   0     0     0     0     0     0     0     0
   0     0     0     0     0     0     0     0
   0     0     0     0     0     4     2     0
   0     0     0     0     0     0     9     0
   0    24     0     2     8     0     0     0

# features.8_output [N=0, C=84]
   0    19     0     9     0     0     0     2
   0     0     0     0     8     2    18    28
   0     0     0     0     0     0    17    50
   0     0     0     0     0     0     5     0
   0     0     0     0     0     0     0     0
   0     0     0     0     0     0     0     0
   0     7     0    19     0    24     0     0
   0     1     0     0     0     0     0     0

# features.8_output [N=0, C=85]
   0     0     0     0     0     0     0     0
   0     0     0     0     0     0     0     0
   0     0     0     0     0     0     0     0
   0     0     0     0     0     0     0     0
   0     0     0     0     0     0     0     0
   0    13     0     0     0     0     0     0
   0     3     0     0    21     0     0    13
   0     0     0     0     0     0     0     0

# features.8_output [N=0, C=86]
   0    27     0     0    22     4    40    26
   0     0     0     0     0     0    16     9
   0     0     0     0     0     1     0     0
   0     0    46     5     0     0     0     0
   0     0     0     0     0     0     0     0
   0     0     0     0     0     0     0     0
   0     0     0     0     0     0     0     0
   0     0     0     0     0     0     0     0

# features.8_output [N=0, C=87]
  18     0     0     0     0     0     0     0
   0     7     0     0     0     0     0     0
   0    10     0     0     0     0     0     0
   0     0     0     0     0     0     0    11
   0     0     0     0     0     0     0     0
   0     0     0     0     0     0     0     0
   0     9     0     0     0     0     0     2
   0     0     0     0     0     0     0     0

# features.8_output [N=0, C=88]
   0     0     0     0     0     0     0     0
   0     0     0     0    19     0     0     0
   0     0     0     0     2     8     0    21
   0     0     0    32     0     0     0     0
   0    40     0     0    50     0     0     0
   0    11     0     0     0     0     0     0
   0     0     0    17     0     0     0     6
   0     0     0     0     0    25     0     0

# features.8_output [N=0, C=89]
   0     0     0     0     0     0     0     0
   0     0     0     0     0     0     0     0
   0     0     7     0     0     0     0     0
   0     0     0     0     0     0     0     0
   0     0     0     0     0     0     0     0
   0    20     0     0     0     0     0     0
   0     0     0    36     0     6    29     0
   0     0     0     0     0     0     0     0

# features.8_output [N=0, C=90]
   0     0     0     0     0     0     0     0
   0     0     0     0     0     0     0     0
   0     0     0     0     0     0     0     0
   0     0     0     0     0     0     0    24
   0     0    13    10     0     0     0     0
   0     0     0     0     0     0     0     0
   0     0     0     0     0     0     0     0
   0     0    12     0     0     0     0     0

# features.8_output [N=0, C=91]
   0     6     0     0     0     0     0     0
   0     0     0     0     4     0    16     0
   0     0    31     0     5     0     0     0
  43     0    15     0     0     0     0     2
   0     0     0     0     0     0     0     5
  12     3     0    11     0     0     0     0
   0     0     0     0     0    71    14     0
   0     0     0     0     0     0     0     0

# features.8_output [N=0, C=92]
   0     0     0     0     0     0     0     0
   0     0     0     0     0     0     0     0
   0     0     0    28     0     0     0     0
   0     0     0    39     0     0     0    38
   0     1    10    10     0     0     0     0
   0     4     0     0    36     0     0     0
   0     0     0     0     0     0     0    34
   0    17     0     0    14     0     0     0

# features.8_output [N=0, C=93]
  26     0     0     0     0     0     0     0
   0     4    31     0    26    38    25    13
   0     0     0     0     0     0     0    24
   0     0     0     0     0     0     0     0
   0    12     0     2     0     0     0     0
   0     0     0     0     0     0     0     0
   0     0     5     0     0     0     0     0
   0     0     0     0     0     0     0     8

# features.8_output [N=0, C=94]
   0     2     0     0     0     0     0     0
   0     0     0     9     0     0     0     0
   0     0     0     0    13     0     0     0
   0     0     0     0     0     0     0     0
   0     0     0     0     0     0     0     0
   0     0     0     0     0     0     0     0
   0     0     0     6     0     0     0     0
  21    50    18    63    20     0     0     0

# features.8_output [N=0, C=95]
   0     0     0     0     0     0     0     1
  14     0     9     0     1     0    35     0
   0     0     0     0     0     0     0    10
   0     0     0     0     0     0     0     0
   0     0     3     0     0     0     0    45
   4     0    10     0    17     0     0    10
  24     7     0    35    48     0     0    26
  13    23     0    37    64    61    16     3

# features.8_output [N=0, C=96]
   0     0     0     0     0     0     0     0
   0     0     0     0     0     0     0     0
   3     0     0     0     9     0     0     0
   0     0     0     0     0     0     0     0
   0     0     0     0     0     0     0     0
   1     0     0     0     0     0     0     6
  13     0     0     0     0    33     0    11
  15     0     0     0     0     0     0     0

# features.8_output [N=0, C=97]
   0     0     7     0     0     0    25    17
   0     0     0     0     0     1     9    35
   0     0     0     0     0     0     0    37
   0     0     0    55    26     0     0     0
   0     0     0    35    27     0     0     0
   0     0     0     0     0    17     0     0
   0     0     0     0     0    19     0     0
   0     0     0     0    19     0     0     0

# features.8_output [N=0, C=98]
   0     0     4     0    12     4     0     0
   0     0     0     0    15     0    14    30
   0     0     0     0     0     0     0     9
   0     0     0     0     0     0     0    11
   0     0     0     0     0     0     0     0
   0     0     0     0     0     0     0     0
   0     0     0     0     0     0     0     0
   0     0     0     0     0     0     0     0

# features.8_output [N=0, C=99]
  22     7     0     0     0     0     0     0
   0     0     0     0    11    17    50     0
   0     0     0     0     0     7     0     0
   0     0     0     0     0     0     0     0
  17     0     0     0     0     0     0     0
  22     0     0     0     0     0     0     0
   3    22     0    66    49     0     0     0
   0     0     0     0    17     0     0     0

# features.8_output [N=0, C=100]
   0     0     4     0     0     0     0     0
   0     0     0     0     0     0     0    24
   0     0     0     0     0     0     0    10
   0     0    12    22     1     0     0     0
   0     0    76     0     0     0     0     0
   0     0    17     0     0    31     0     0
   0     0     0     0     0     0     0     0
   0     0     0     0     0     0     0     0

# features.8_output [N=0, C=101]
   1     0     0     0     0     0     0     0
   2     0     0     0    10     0     0     0
  31    71     0    29     0     0     0     0
   1    16     0    49     5    15     0     0
   0     0    43    57    56    32     7     0
   0     0     5    38     0     0     0    14
   0     0    30    18    21    21     0     0
   0     0    21     0     0     0    28     1

# features.8_output [N=0, C=102]
   0     0     0    20    17     0     7     8
   0     0     0     0     5     0     0     0
   0     0     0     0     0     0     0     0
   0     0     0     0     0     0     0     0
   0     0     4    21     0     0     0     0
   0     0    18     9     0     9     0     0
   0     0     0     0     2     9     0     0
  15     0     0     0     0     0    45     0

# features.8_output [N=0, C=103]
   0     0     0     0     0     0     0     0
   0     0     0     0     0     0     0     0
   6     0     0     0     0     0     0     0
   0     0     0     0     0     0     0     0
   0    34     0     0     0     0     0     0
   0     0     0     0     0     0     0     0
   0     0     0    22     0     0     0    21
   0     0     0    10     0     0     0    16

# features.8_output [N=0, C=104]
   0     0     4     0    26     0     0     6
   0     0     0     0     0     0     0    13
   0     4     0     0     0     0     0     0
   0     0     0     0     0     0     0     0
   0     0    40     0     0     5     0     0
   0     0     5     0     0     0     0     0
   0     0     8     3     0     0     0     0
   0     0     0     0     0     0     0     0

# features.8_output [N=0, C=105]
   3    35    16     5     0     0     0     0
   0     0     0    15    18    32     0     0
   0     3     0     0     1     0     0     0
   0    22     0     8     0     0     0     0
   0     0     0     0     0     0     0    77
   0     0     0     0     0     0     0     0
   0     0     0     0     0     0     0     0
   0     0     0     3     0     0     0    30

# features.8_output [N=0, C=106]
   0     0     0     0     0     0     0     0
   0     0     0     0     0     0     0    17
   0    13     0     0     0     0     0     0
   0     0     0     0     0     0     0     0
   0     0     0     0     0     0     0     0
   9     0     0     0     0     0     0     0
  25     0     8     0     0     5     0     0
  42     8    36    11     0     0     0     0

# features.8_output [N=0, C=107]
   0     0     0     0     0     0     0     0
   0     0     0     7     0     0     0     0
   0     0     0     0     0     0     0     0
   0     0     0     0     0    11     0     0
   0     0     0     0     0     0     0     0
   0     0     0     0     0     0     0     0
   0     0     0     0     0     0     0     0
   0     0     0     0     0     0     0     0

# features.8_output [N=0, C=108]
   6     3     0     1     0     1     4    32
   0    16     0    13     8     0     0    28
   0     0     0    38    36     0     0     0
   0     0     1    39    53     0     0     0
   0     0     0     0     0     0     0     0
   0     0     0     0     0     0     0     0
  17    24     0     0     0     0     0     0
   4     0     8    11     0     0     0     0

# features.8_output [N=0, C=109]
   0     0     0     3     7     0     0     0
   0     0     0     4     0     0     0     0
   0     0     0     0     0     0     0     0
  19     0     0     0     0     0     0     0
   0     0     0     0     0     0     0    24
   0     0     0     0     0     0     0     0
   0     1     0     0     0     0     7     2
   0     0     0     0     0     0     0    14

# features.8_output [N=0, C=110]
   0     0     0     0     0     0     0     0
   0     0     0     0     0     0     0     0
   0     0     0     0     0     0     0     0
   0     0     0     0     0     0     0     0
   0     0     0     0     0     0     0    11
   0     0    15     3     0    18     0     0
   0    12     0     0     0     0     0     0
   0    12     0     5     0     0     0     0

# features.8_output [N=0, C=111]
   0     0     0     0     0     0     0     0
   0     0     0     0     0     0     0     0
   0    18     0    19    23     0     0     0
   0     0     5    14     0    38    43    36
   0     0    37     0     0    12    16     0
   0     0     0     0     0     0     0     0
   0     0     0     0     0     0     0     0
   0     0     0     0     0     5    16     0

# features.8_output [N=0, C=112]
   0     0     0     0     0     0    12     0
   0     0     0     0     0     0     0     0
   0     0     0     0     0     0     0     0
   0     0     0     0     0     0     0     0
   0     0     0     0     0     0     0     0
   0     0     0     0     0     0     0     0
   0     0     0     0     0     0     0     0
   0     0     0     0     0    32     0     0

# features.8_output [N=0, C=113]
  31     0     0     0    16    13    26    26
  31     0     0     0     0     7    11    27
   0     0     0     0     0     0     0     0
   0     0     0     0     0     0     0     0
   0     0     0     0     0     0     0     0
   5     0     0     0     0     0     0     0
   0     0     0     0    12     0     0     0
   0     0     0     0     0     0     0     0

# features.8_output [N=0, C=114]
  12    43    13     0     0     4    26    12
   0     0     5     6     0     0     0     0
  12     0     0     0     0     0    10     0
   0     0     0     0     0     0     0     0
   0     0     0     0     0     0     0     0
  16     0     0     0     0     0     0     0
   0     0     0     0     0     0     0     0
   0     0     0     0     0     0     0     0

# features.8_output [N=0, C=115]
   0     0     0     0     0     0     2     0
   0     0     0     7     0     0     7     0
  25    13     0     0     0     0    18     8
   0    20     0     0     0     0     6     0
   0    50    37     0     0    37     0     0
   0    39     2     0    15    44     0     0
   0     0     6     0    69     0     0     0
   0     0     0     0     0     0    17     0

# features.8_output [N=0, C=116]
  41    29     0     0     0     0     0     0
   0     0     5     0     0     0     0     0
  14    31    25    35    24     3     0     0
  21     0     0     0    32    30     0     0
   0     0     0    67    26    14     0     0
   0     0     0     0     0     0     0     0
   4     0     0     0     0     0     0     0
   0     0     0     0    18     0     0     0

# features.8_output [N=0, C=117]
   0     8     0     0     0     0     0     0
   0     0     0     0     0     0     0     0
   0     0     0     0     0     0     0     0
   0     0     0     0     0     0    10    37
   0     0     0     0     0     0    18    25
   0     0     0     0     0     0     0    13
   0     0     7     0    10     0     0     0
   0     0     0     0     0     0     0     0

# features.8_output [N=0, C=118]
   2    40     0     0     0     0     0     0
   0     0    12     0     0     6    13     0
   0     0     0     0     0     0     3     0
   0     0     0     0     0     0     0     0
  43     0     0     0     0     0     0     0
   0     0     0     0     0     0     0     0
  14    13     0     0     0     0     0    53
   0     0     0     0     0     0     0     0

# features.8_output [N=0, C=119]
   0     0     0     0     0     1     0     0
   0     0    22     0     0     0    16     9
   0     0     0     0     0     0    24    28
   0     0     0     0     0     0     0     0
   0     0     0    46     0     0     0     0
   0     0     0     0     0     0     0     0
  13     3     0     0    11     0     0     0
  28     0     0    12    21     0     0     0

# features.8_output [N=0, C=120]
  17     0     0     0     0     0    12     0
   0     0     0     0     0     0     0     0
   0    12     0     0     0     0     0     0
  23     0     0     0     0     0     0     0
   0     0     0     0     0     0    16     0
   0     0     0     0     0     0    23     0
   0     0     0     0     0     0     0     0
   0     0     5     6     0     4     0     0

# features.8_output [N=0, C=121]
  12     0     0     0     0     0     0     0
   0     0     0     0     0     0     0     0
   0     8     0     0     0     0     0     0
   0     0     8     0     0     0     0     0
   9     0     0     0    21     0     0     0
   0     0     0     0     0    17    17     0
   0     0    77     0     0     0    18    11
   0     0     0     0     0     0     0     0

# features.8_output [N=0, C=122]
   0     0     0    13     0     0     0     0
   0     0     0     3     0     0     0     0
   0     0     0     0     0     0     0     0
   0     0     1     0    18     0     0    19
   0     0     0     0     0     0     0     7
   0     0     0     0     0     0     0     0
   0     0     0     0     0    70     0     0
   0     0     0     0     0    17     0     0

# features.8_output [N=0, C=123]
   0     0     0     0     0    10     0     0
   0     0     0     0     0     0     7     0
   0     0     0     0     0     0     0     0
   0     0     0     0     0     0     0     0
   0     0     0     0     0     0     0     0
   0     0     0     0     0     0     0     0
   0     0     1     0     0     0     0     0
   0     0     0     0     0     0     0     0

# features.8_output [N=0, C=124]
   0     0     0     0     0     0     0     0
   0     0     0     0     0     0     7     0
   0     8     0     0     0     0     0    25
   0     0     0     0     0     0     0     0
   0     0    11     0    29     0     0     0
   0    18    20     0     0     0     0    17
   0     0     0     0    19    19     0     0
   0     0     0     0     0     0     0    11

# features.8_output [N=0, C=125]
   0    17     3     0     0     0     0     0
   0     0     0     0     0     0    11     0
   0    30     0     0     0     0     0     0
  13     0     0     0    35    12    57    39
   0     0     0     8     0     0     0     0
   0     0    23     0     0     0     0     0
   0     0     0     0     0     0     0     0
   0     0     0     0    11     0     0     0

# features.8_output [N=0, C=126]
  20     0     0     0     0     0     0     0
   4     8     0     0    24     0     8     0
   0     0     0     0     0     0     0     0
   0     0    28    40     0    14     0     0
   0     0     1     0     0     0     0     4
   0     0     0     0    31     0     0     0
   0     0     0     0     0     0     0     0
   0     0     0     0     0     0     0     0

# features.8_output [N=0, C=127]
  18    30     0     0     0     0     0     0
   0     0     0     0     0     0     7     0
   0     0     0     0     0     0     0     0
  16     0     0     0     0     0     0     0
  37     0     0     0     0     0     0     0
  14     0     0     0     0     0     0     0
   0     0     0     0     0     0     0     0
   0     3     0     0     0     0    10    26

