# shape: [1, 32, 16, 16]
# features.4_input [N=0, C=0]
   0     4     3     0     0     0     4     5     5     2     1     0     0     0     1     4
   0     0     0     0     0     1     8     8     2     3     2     0     0     0     0     0
   0     0     0     0     0     0     0     0     0     2     0     0     0     1     0     0
   6     8     0     0     0     0     0     0     0     0     0     0     0     0     0     0
   3     6     0     0     0     9     7     7    10     4    10     9     2     0     0     3
   0     0     0     4     4     5     7     9     7     4    13    15    14     6     0     0
   0     0     0     2     2     0     0     0     0     0     0     0     1     3     6    10
   0     0     0     0     0     0     0     0     0     0     0     0     0     0     0     0
   0     0     0     0     0     1     0     0     0     0     0     0     0     0     0     0
   0     0     0     0     0     0     0     0     0     0     0     0     0     0     0     0
   0     0     0     0     0     0     0     0     0     0     0     0     1     0     0     0
   0     0     0     1     0     0     0     0     0     0     0     0     0     0     0     0
   0     0     0     1     0     1     0     0     0     0     0     0     0     0     0     0
   0     0     0     0     0     0     0     0     0     2     0     0     1     1     1     0
   0     1     1     0     0     0     2     1     0     0     0     2     2     2     4     3
   0     0     0     0     0     0     0     0     0     6    19    20    20    20    16    15

# features.4_input [N=0, C=1]
   6     0     0     0     4    10     3     2     0     0     0     1     1     0     0     0
   4     8     9     6     3     0     0     0     0     0     0     0     0     4     9     7
  10     8     1     1     1     1     4     2     0     1     2     0     2     2     0     0
   2     0     0     0     0     1     1     0     3     3     2     0     2     1     0     0
   0     0     0     0     0     0     0     0     0     0     0     0     0     0     0     0
   3     1     0     0     0     1     1     0     0     0     0     0     0     0     0     0
   0     6    10     0     7     9     4     5     0     0     0     0     0     0     0     0
   0     2     4     0     2     0     0     1     0     0     0     0     0     0     6    10
   6     4     3     2     0     0     0     0     2     1     0     0     1     5     5     0
   7     2     0     4     2     0     0     3     2     5     5     0     6     9     0     0
   3     0     0     3     1     1     9    14    15    19    16     3     3     3     0     2
   3     0     0     0     2     0     0     0     0     0     5    13    27    25    13     6
   2     0     0     0     2     1     5     3     0     0     0     5     7     2     5     8
   0     1     1     1     2     4    10     2     0     0     6     5     0     0     0     2
   2     0     0     0     0     2     1     0     0     5     7     1     0     0     0     0
   0     0     0     0     5     4     0     1     0     5     6     0     0     0     0     0

# features.4_input [N=0, C=2]
   7     7     1     1     0    10    14    14    15    15    17    16    13    13    16    14
   0     3     1     0     0     3     5     2     2     4     5     7     6     6     4     6
   7     7     4     3     3     3     4     2     5     5     2     5     6     7     9     8
   6     5     6     3     2     2     6     5     5     4     4     5     7     5     5     6
   0     0     0     1     5     3     3     5     2     1     3     6     5     5     5     5
   0     0     0     3     3     0     0     0     0     0     0     0     1     2     2     4
   0     0     2     0     0     0     0     0     0     0     0     0     0     0     2     3
   0     0     0     5     0     0     0     0     0     0     0     0     0     0     0     0
   0     0     0     2     0     0     0     0     0     0     0     0     0     0     0     3
   0     0     2     4     5     0     0     0     0     0     0     0     0     0     0     0
   0     1     1     0     7     0     0     0     0     3     2     0     0     0     0     0
   0     1     2     2     5     0     0     4     7     5     0     3     0     0     2     0
   2     2     2     0     0     0     0     0     1     1     3     6     9     8     6     8
   0     0     0     0     0     0     1     0     1     0     0     3     4     4     4     9
   0     0     0     1     0     0     0     0     0     0     1     4     4     4     5     4
   0     0     0     0     0     0     0     0     0     4     3     4     4     4     7     2

# features.4_input [N=0, C=3]
   7     1     1     0     0     0     0     0     0     0     0     1     2     0     0    22
  10     3     0     0     0     3     0     0     0     0     2     0     2     0     3    22
  13     5     0     1     0     1     2     0     0     1     1     0     0     0     0    25
  11     5     0     0     0     0     0     0     0     1     0     0     0     0     0    23
  12     4     0     0     2     0     2     3     0     2     1     0     0     0     0    22
   2     3     0     0     6     0     4     4     0     4     0     0     0     0     0    19
   2     7    11     1     6     3     5     4     0     5     0     5     0     0     4    23
   3     0    18     1     0     8     2     9     0     2     2     4     2     0     8    22
   0     0    11    12     0     6     0    12     2     2     1     4     1     0     9     6
   0     2     0    13     1     0     0    12     2     3     4     3     0     2     5     4
   1     0     0    11    19     0     0     2     1     0     7     1     0    10     0     0
   7     0     0     0    17     0     0     2     0     1    12     1     0     7     1     0
   9     0     0     0    18     0     2     0     0     0     1     3     0     0     4     1
   8     0     0     0    16     0     2     1     0     0     0     0     0     0     0    21
   6     0     0     0    15     0     8     0     1     0     0     0     0     0     0    22
   4     0     0     2     4     2     3     0     0     0     2     0     0     0     6    22

# features.4_input [N=0, C=4]
   2     1     2     0     0     0     0     0     0     1     2     4     5     2     1    18
   9     6     3     4     0     2     3     5     2     3     3     2     3     1     8    20
   6     6     0     1     0     2     5     3     2     5     2     3     0     1     0    19
   5     3     0     0     1     0     2     1     2     5     1     0     5     2     2    19
   4     4     0     1     1     0     2     4     0     0     1     1     2     0     1    17
   3     5     2     0     6     1     7     9     2     2     7    10     5     0     0    18
   1     3    11     8     8     2     5     5     2     5     0     1     1     0     2     8
   3     0    12     7     0     0     0     6     1     2     2     4     3     0     9    14
   2     0     8    12     3     2     0     7     2     2     2     2     1     0     2     2
   0     0     0    11    10     1     3     8     2     4     5     2     0     0     1     3
   0     0     0     2    10     1     1     8     7     8    12     7     0     6     3     0
   0     0     0     0    11     0     0     0     0     1     5     9     8    12     9     5
   1     0     3     3    17     0     0     1     2     0     0     2     0     1     2     9
   3     2     1     1    15     0     0     2     3     1     0     0     1     1     3    17
   4     0     0     1     8     0     4     1     2     2     0     1     1     1     1    18
   2     1     2     3     8     1     3     2     2     0     1     1     1     1     3    15

# features.4_input [N=0, C=5]
   1     3     0     0     0     0     0     0     0     0     0     0     0     0     0     0
   0     3     6     6     2     0     0     0     0     0     0     0     0     0     0     0
   0     3     3     2     3     0     0     0     0     0     0     0     0     0     0     0
   0     0     1     0     0     0     0     0     0     0     0     0     0     0     0     0
   0     2     0     0     0     0     0     0     0     0     0     0     0     0     0     0
   0     5     2     0     0     0     2     3     0     0     0     1     0     0     0     0
   4     1     6     9     0     5     6     8     8     1     2     3     2     0     0     0
   2     0     0     9     4     2     2     5     6     4     4     4     5     2     5     9
   1     0     0    10    11     0     0     6     5     5     5     4     4     4     0     2
   0     0     0     5    15     6     0     0     3     4     6     5     3     8     6     0
   0     0     0     0    14    11     0     3     4     6    12    15     4     6     6     3
   0     0     0     0     3    10     0     0     0     0     0    14     9     1     5     5
   0     0     0     0     1     7     1     0     0     0     0     0     0     0     0     5
   0     0     0     0     3     9     0     1     0     0     0     0     0     0     0     0
   0     0     0     0     0     1     0     0     0     0     0     0     0     0     0     0
   0     0     0     0     2     3     1     0     0     0     0     0     0     0     0     0

# features.4_input [N=0, C=6]
  20     0    12    10     6    17    13    11    13    14    15    16    17    20    22    23
   2     7     3     1     1     1     0     4     6     7     8     5     5     7     7    16
  17     0     3    10     3     7     5     1     5     0     1     0    10     3    10    20
   7    20     6     2     5    14     5     1     4     7     6     6     6     0     5    22
   8    10     8     3     2     8    14     4     6     7     7    13     7     5     2    28
  18    16     0     8    10     0     0     3     0     6     0     7    13    11    12    13
   0    13    17     0    13     7     0     7     0     0     1     3     0     7     1    43
   0     2    24     6     0     5    11     4     0     0     0     0     0     0    14    18
   2     0    15    16     0     4     9    13     0     0     0     0     0     0    17    10
   0     0     4    33     0     0     0    16     0     0     0     0     2     1     0    12
   0     0     0    28    31     0    10     7     3     4    10     0     0    14     0     9
   1     0     0     0    19     0     1    15     2     7    29    26     0    12     0     0
   0     0     0     0    19     0     3     0     3     1     2    29     5     0    10     9
   0     0     1     0    14     0     6     0     1     0     3     0     0     0     0    11
   0     0     0     0    11     5     4     6     2     0     0     0     0     0     0    13
   1     0     0     0     3     0     0     0     0     4    10    12    11    10    13    33

# features.4_input [N=0, C=7]
   5     0     5     3    12    12     3     2     4     4     4     3     0     4     4     4
   3     0     3     1    15     7     3     4     4     6     7     4     3     2     2     6
   3     0     4     0     8     4     3     6     3     6     8     2     5     5     2     5
   7     5     3     0     2     7     0     2     3     6     6     3     3     5     5     3
   2     8     5     1     1    11     6     3     5     8     9     7     5     2     3     4
   5     0     8     4     0    13     6     3    10     5     9    10    13     9     6     0
   7    11     2     1     7     5     0     0     6     1     4     2    10    14     6    19
   2    18     5     0    14     4     3     0     0     0     4     1     1    16     4    19
   8    11     5     0    10     8     7     0     0     0     2     0     1    16    11     3
  10     3     6     0     0     7     8     0     0     0     0     0    10     6     6     5
   9     1     4     5     0     6    11     0     0     0     0     0    19     5     0     4
   4     0     0     8     0     8    18    11     2     2     4     0    17     8     0     4
   3     0     1     8     0     8    16    11     2     3     7     6     5     3     0     0
   3     2     1     2     0    14    12     3     2     5    11     9     3     3     4     2
   3     2     3     2     0    16    12     2     1    11    17     4     3     3     3     3
   2     1     3     3     0     5     2     2     2    15    12     6     6     7     5    11

# features.4_input [N=0, C=8]
   3    13     5     0     0     2     6     9    10     3     7    12     9     5     9    13
   9    11     0     0     0     9    13    10     5     3     4     6     7     2     9     6
   0     9     7     2     2     5     7     2     5     9     3     8     2     5     1    16
  13    12    10     5     5     0     3     5     1     3     0     2     5     2     5    14
  16    11     4     3    12    14     7    11    12     8     8     7     6     4     7    15
   5     7     3     5    18    12    10    12     5     7    14    10     9     8     4    13
   5     7     0    13     7     0     3     0     4     0     0     0     0     0    11     0
   8     0     7    13     0     6     3    12     5     0     0     0     0     0     0     0
   7     0     5    10     3     3     0     9     0     0     0     0     0     0     0     2
   0     0     0     6     7     0     0     0     0     0     0     0     0     0     7     2
   0     0     1     2    12     7     0     0     0     0     3     6     0     7     7     0
   0     1     2     3    16    11     0     0     5     3     1     4     0     0     0     0
   3     6     6     5    14     7     0     0     2     1     1     0     0     0     0     0
   5     3     0     0    10     7     0     6     4     4     0     0     0     0     0    13
   0     2     3     3    15     1    10     8     1     0     0     0     0     0     2    15
   1     2     0     1     4     0     5     0     0     0    12    13    12    13    17    13

# features.4_input [N=0, C=9]
  16     0     7     5    14    15     0     0     1     3     1     1     0     5     3     0
  12     0     4     1    16     9     0     2     5     5     5     0     0     4     0     3
  23     0     6     3     6     5     0     3     5     3     7     1     5     4     3     1
  23     5     2     2     1     5     0     0     3     2     8     2     0     3     5     0
   9     8     9     2     2    11     8     0     5     6    10     7     3     2     1     2
  12     0    10     7     0    11     8     0    10     7     2     8    14    15     6     0
   5    16    15     0    14    14     0     0     1     1     4     1     7    19     4    20
   2    23    18     0    21    12     2     0     0     0     2     3     0    20    19     9
  15    16     8     0     7    11    12     0     0     0     2     1     3    17    23     0
  17     9     6     5     0     7    12     3     0     0     0     0    18    10     6     3
  14     1     0     7     0     6    19     8     1     1     0     0    24    19     0     5
  16     0     0     6     0     7    23    20     0     0     3     0    15    20     0     2
  16     0     0     2     0    10    14    17     1     1     4     7     4     2     0     0
  11     2     1     1     0    15    25     0     1     5    15     9     0     0     0     0
   8     1     1     1     0    16    18     0     0    11    18     2     0     0     0     1
   5     0     0     2     0     4     0     0     0    17    13     1     1     1     0     8

# features.4_input [N=0, C=10]
   0     0     0     0     0     2     0     0     0     0     0     0     0     0     0     0
   0     0     0     0     0     0     0     0     0     0     0     0     0     0     0     0
   0     0     0     0     0     0     0     0     0     0     0     0     0     0     0     0
   0     0     0     0     0     0     0     0     0     0     0     0     0     0     0     0
   0     0     0     0     0     0     0     0     0     0     0     0     0     0     0     0
   0     0     0     0     0     0     0     0     0     0     0     0     0     0     0     0
   0     0     0     0     0     0     0     0     0     0     0     0     0     0     0     0
   0     0     0     0     2     0     0     0     0     0     0     0     0     2     0     0
   0     0     0     0     0     0     0     0     0     0     0     0     0     3     1     0
   0     0     0     0     0     0     0     0     0     0     0     0     4     2     0     0
   0     0     0     0     0     0     3     0     0     0     0     0     4     0     0     0
   0     0     0     0     0     0     1     0     0     0     0     0     5     1     0     0
   0     0     0     0     0     0     0     0     0     0     0     0     1     0     0     0
   0     0     0     0     0     1     2     0     0     0     0     0     0     0     0     0
   0     0     0     0     0     1     0     0     0     0     0     0     0     0     0     0
   0     0     0     0     0     0     0     0     0     0     0     0     0     0     0     0

# features.4_input [N=0, C=11]
   9    13    17    10    16    15     3     3     9     9    11    20    17    10    14    16
  18    37    14     8    15     6    19    18    16    14    15    10    12     6    15    19
  17     3     6    10     0     9    18     5     0    14     9    11    16     6     8     2
   9    14     5     4     9    10     4     5    13     0     7     7     5    10     7     9
  10    15    16     5     2     9     6    15    10    11     8     3     9     8     9     8
  22     5     0     0    18    22     7    14    20     2    11     4    10    20    16    14
   0    27     8     0    42    25    17    10     0    11    12     3     0     7     0    27
   2    11    22    12     8    12    18     3    14     1     2     5     0     1    14    16
   8     0    22    17     0    10     9     8    12     3     2     3     8     7    11     6
  10     1    13    27     0     0     0    19     8     7     0     3    18    13     3     9
   0     2     3    36    24     5    10    10    10    10     0     0     9     0     0     0
   3     6     5     3    16    15     0     6     3    11    36    26     9     9     1     0
   4     6     9     8    18    22     8     1     7     7     7    29     0     0     8     2
   7    11     7     2     5    11    12     0     0     5    14     0     7     6     6    10
   4     0     4     4    24    28    10    19    10    11     7     4     4     5     5     8
   6     9     6     7    21     3    16    10     0    11     0     4     6     5     8    23

# features.4_input [N=0, C=12]
  20    14    10    12    13    34    32    31    32    32    34    30    31    32    33    31
   0    14    10     5    10     1     0     0     0     2     4     7     3     3     0    11
  11    13     6     6     7     0     7     4     6     1     3     2     5     6    10     7
   4     2     4     2     2     6     5     6     9     7     3     7     2     4     2     0
   0     0     0     1     3     2     0     3     0     1     3     2     4     4     0     2
   7     6     0     0     0     0     0     0     0     0     0     0     0     0     2     0
   0     6    16     0     7    15     5     8     0     0     1     0     0     0     0     0
   0    15    10     0    12     9     7     4     0     0     0     0     0     3     2     4
   8    11     2     0     0     0     1     0     1     1     1     0     0     5     8    11
  13     7     7     6     4     0     0     0     4     2     2     0    10    13     1     0
  10     3     1     4     3     3    13    15    19    23    11     1     9     4     0     0
   3     3     3     4     0     3    12    14    14    10    10     7    11     7     6     4
   2     3     0     0     0     3     7     1     0     0     4    22    32    17    10     5
   0     2     2     4     3     7    14     2     0     0    10     7     1     2     2     8
   1     2     1     1     0    14    13     0     2     8    13     2     1     1     1     1
   0     0     0     0     5    11     0     0     1    12     9     0     0     0     0     0

# features.4_input [N=0, C=13]
   4     8    10     5     0     5     3     4     6     3     2     2     4     8     6     8
   7     0     0     2     5     8    13    11     8     6     3     1     0     0     7     0
   0     0     0     0     4     3     0     0     5     6     5     2     4     2     0     0
  17    12     2     1     0     1     0     1     0     2     2     0     4     2     3     1
  14    21     5     1    12    20    12    12    16    13    17     9     3     1     4     7
   7     4    15    18    14    22    20    22    16    18    31    32    28    17     7     6
  12     9     0    20    12     0     0     0    10    12     9     6    21    21    23    24
   4     5     7     0    14    12     0     2     5     5     8     6     8    14     2    21
   0     5     8     0    19    18    12     0     0     1     2     4     1     9     8     2
   0     0     7     0     3    12    16     5     0     0     1     3     0     1     8     6
   1     0     4     8     0     3     0     0     0     0     0     3    15     3     6     8
   2     0     2     8     1     4    15     9     5     4     3     0    12     9     0     1
   4     5     6    12     8     2     9    11     2     3     4     1     0     0     0     0
   8     3     0     0     0     1     0     5     7     8     3     0     0     0     0     0
   3     6     6     6     7     2    13     3     2     0     1     0     0     0     2     0
   8     5     5     7     0     6     5     4     5    17    20    18    18    19    17    23

# features.4_input [N=0, C=14]
  11     0     0     0     2     9    16    16    16    18    17    10     8     6     9     7
  10     0     0     0     0     0     0     0     0     0     0     0     0     2     2     0
  14    12     4     1     0     0     0     0     0     0     0     0     1     1    10     4
   5     5     3     3     0     0     0     0     0     0     0     2     1     0     0     0
   1     0     2     1     3     0     0     0     0     0     0     3     1     0     0     0
   7     2     2     9     5     0     0     0     0     0     0     0     0     0     0     2
   7     0     9     2     0     0     0     0     0     0     0     0     0     2     0     4
  12     3     5     0     3     4     0     0     0     0     0     0     0     4     7     0
  12     0     0     1     0    10     8     3     0     0     0     0     0     1     5     0
  10     0     0     5     3     4     9     9     3     0     0     0     2     3     0     0
   7     0     0     0     4     0     3     6     3     6     7     0     4    12     6     1
   0     0     0     0     0     0     0     5     2     0     6     8    14    19    23     9
   0     0     0     0     0     0     0     0     0     0     0    17    28    28    31    28
   0     1     2     2     0     0     3     0     1     4     5     4     0     0     7    17
   0     0     0     0     0     1     4     0     0     0     3     1     0     0     0     2
   4     6     6     8    17    15    10    13     8     2     0     0     0     0     0     0

# features.4_input [N=0, C=15]
   2     0     5     4     2     3     0     0     0     0     0     3     6     6     4     1
   3     0     8     9     8     9     4     5     2     8     0     0     3     5     5     0
  10     0     0     0     7    10     3     4     3     4     5     0     3     3     0     0
  13     0     0     0     0     6     1     0     1     1     7     1     8     2     2     0
   6     6     0     1     0     1     0     0     0     2     4     2     1     0     2     0
   8     0     0     1     0     2     8     4     4     2     0     7     5     3     2     7
   0     4     2     0     1     3     5     0     0     2     0     0     1     8     1    10
   0     2    17     0     0     1     0     0     0     0     0     1     0     5     7    25
   2    15    16     0     0     4     0     0     0     0     0     0     0     2     9     0
   7    13    14    17     0     0     1     6     0     0     0     0     2     0     2     0
  12    10    10    17     2     2     6     7     4     3     2     0     2     3     0     0
  11    10     8     9    13     0     9    11     4     9    12     0     1    15     0     0
  12     7     2     1     8     1     4     9     0     1     8     2     0     0     0     0
   6     0     0     0     0     4     8     4     0     0     0     0     0     0     0     0
   3     0     0     0     0     0     6     0     0     5     3     0     0     0     0     0
   0     0     0     1     0     0     1     0     0     0     2     0     0     0     0     1

# features.4_input [N=0, C=16]
   8     6     3     1     1    13     9     9    10    10    12    13    10     7    10    20
  11     0     0     0     1    11     2     0     0     3     2     0     5     0     1    16
  13     3     0     0     1     2     0     4     4     4     3     0     3     0     0    14
  17     0     0     0     0     1     1     3     3     4     4     0     0     1     1     8
  14     0     0     0     5     0     1     7     5     0     7     1     0     0     0     9
   0     0     0     1     3     0     4     0     0     7     5     0     0     0     0     3
   0     0    10     0     0     6     4     3     0     2     0     1     1     1     3     9
   0     3    13     0     5     9     0     4     0     0     0     0     0     0     1    11
   0    10     8     0     5     1     0     0     0     0     1     2     0     0     5     8
   9    10     4     3     0     1     0     1     0     1     2     0     0     5     5     0
  11     4     4     4     3     0     0     3     2     3     6     0     1     7     0     0
  12     3     4     3     7     0     6     7     7     6     1     0     0     7     0     1
  12     3     2     0     3     0     3     9     0     0     1     0    14    14     2     2
  13     0     0     0     3     0    10     8     1     0     0     9     5     3     3     9
   5     1     1     0     4     0    15     0     0     0    14    10     4     3     5    10
   5     0     1     1     0     7     0     2     0    13    18     5     5     6     8     8

# features.4_input [N=0, C=17]
   0     0     0     0     0     8     8     8     7     8     8     7     5     5     7     6
   0     0     0     0     0     5     5     3     3     6     7     5     4     3     2     6
   5     1     0     0     0     1     0     0     3     1     4     2     5     5     7     7
   5     3     0     0     0     2     3     1     2     2     4     5     4     4     7     6
   0     0     0     0     0     0     2     0     0     0     4     5     4     4     5     5
   0     0     0     0     0     0     0     0     0     0     0     0     0     2     1     0
   0     0     0     0     0     0     0     0     0     0     0     0     0     0     0     2
   0     0     3     0     0     0     0     0     0     0     0     0     0     0     0     0
   0     0     2     0     0     0     0     0     0     0     0     0     0     0     0     0
   0     0     1     3     0     0     0     0     0     0     0     0     0     0     0     0
   0     0     0     3     3     0     0     0     0     0     0     0     0     0     0     0
   1     1     0     0     4     0     0     2     1     1     2     0     0     0     0     0
   2     0     0     0     0     0     0     0     0     0     1     4     8     8     8     2
   1     0     0     0     0     0     0     0     0     0     1     8     9     9     9     8
   0     0     0     0     0     0     0     0     0     0     8     9     9     9     9     9
   0     0     0     0     0     0     0     0     0     0     8     9     9     9    10     8

# features.4_input [N=0, C=18]
   0     0     0     0     0     0     0     0     0     0     0     0     0     0     0     0
   0     0     0     0     0     0     1     2     0     0     0     0     0     0     0     0
   0     0     0     0     0     0     0     0     0     0     0     0     0     0     0     0
   5     0     0     0     0     0     0     0     0     0     0     0     0     0     0     0
   3     0     0     0     0     0     0     0     1     1     0     0     0     0     0     0
   0     0     0     0     0     6     6     5     5     4    11    11    11     2     0     0
   0     0     0     5     1     0     0     0     1     3     0     0     7     5     4     0
   0     0     0     0     0     0     0     0     0     0     0     0     1     4     0     4
   0     0     0     0     5     2     0     0     0     0     0     0     0     0     0     0
   0     0     0     0     0     3     3     0     0     0     0     0     0     0     0     0
   0     0     0     0     0     0     0     0     0     0     0     0     0     0     0     0
   0     0     0     0     0     0     3     1     0     0     0     0     5     0     0     0
   0     0     0     0     0     0     0     1     0     0     0     0     0     0     0     0
   2     0     0     0     0     0     0     0     0     0     0     0     1     1     1     0
   0     0     0     0     0     0     2     0     0     0     1     1     2     2     2     1
   1     0     0     0     0     0     0     0     0     0     5     5     5     5     7     6

# features.4_input [N=0, C=19]
   7     0     6     2     0     6     2     2     4     6     8    10    12    12     9     7
   7     2     7     7     8     7     9     9     8    12     6     8     8     9    12     9
   2     5    10     7     8     6     5     5     6     6     8     8     9     9     5     6
  12     6     9     8     8     8     2     4     5     8     7     6    12    10     9     9
   7    13     7     9    10     7     3     5     5     8     7     9     7     6     9     9
   5     9    11    10     7     7     7     4     3     3     7    13    13     6     8    11
   6     3     6    13     0     0     1     0     0     0     0     0     6     9     8    10
   3     6     6     0     2     1     0     0     0     0     0     0     0     4     3    16
   1     7     8     0     3     4     2     0     0     0     0     0     0     0     6     0
   3     4     9     1     0     1     5     1     0     0     0     0     0     0     5     2
   4     5     7     8     0     0     0     0     0     0     0     0     2     1     3     2
   4     5     5     8     0     0     6     4     6     6     7     0     5    11     3     5
   6     6     5     7     5     0     4     8     4     6     7     3     0     0     0     4
   4     3     2     1     0     0     1     5     2     2     1     3     1     1     1     1
   0     1     0     1     2     2     7     0     0     1     3     1     1     1     2     0
   1     0     2     0     0     2     0     2     0     2     4     0     0     0     3     2

# features.4_input [N=0, C=20]
   0    15     8     1     2     0     1     1     5     3     3     9     6     3     1     9
   9    17     0     0     0     4    14    10     7     3     3     3     5     1     5    10
   2     0     3     0     0     3     9     1     3     8     2     7     1     1     1     6
   1     6     7     3     1     0     1     4     3     3     0     1     2     5     1     5
   9    10    10     2     0    10     5     7    10     9     1     4     4     2     2     6
   2     2     1     5    25    25    10    16    17    10    16    12    11     8     4     9
   0    12     1    11    20     2     4     0     4     8     6     3     0     2    11    10
   3     3     6    15     2     6     4    10    14     2     1     2     3     2     7     2
   4     0     6    12     5     6     2    14    11     0     0     2     3     0     0     2
   1     0     0     9     7     0     1    14     6     1     0     2     1     0     1     4
   0     1     1     5    13     6     0     0     0     0     0     3     0     3     6     1
   0     1     1     0    14    21     0     0     5     5     4     8     0     2     5     0
   0     7     7     6    14    21     0     0     4     1     3     4     0     0     1     2
   7     8     2     0     4    14     0     3     5     7     5     0     1     1     1     4
   1     1     3     2    14    17     8    10     6     3     0     1     1     2     0     6
   3     4     2     3     6     1     6     2     4     3     4     5     5     4    13    11

# features.4_input [N=0, C=21]
   2    17     1     1     0     3     2     2     3     0     4     6     1     6     5    12
   3     0     6     9    11     7    10     1     4    13     1     5     7     5    11     3
   0     6    18     5    12     0     7     5     2     5     0     3     8     9     2     7
   9     0    13     5     7    10     2     8     0    11     0     5    11     5     3     6
  11    18     0     6    15    24     0     3    10     5     1     2     0     3     7     7
   6    18    17     6    12    21     1     6     7     9    13     7     3     0     0    13
  11     0    17    38     0     0     7    11    21     1     3     9     9     8    19     5
   4     2     0    26    16     1     6    11    16     2     2     0     5     6     8    31
   3     3     0    24    26     1     0    15    10     3     3     3     2     4     0     8
   2     1     2     5    35    12     3     0     6     3     7     7     0    10    15     3
   0     0     0     1    37    28     0     0     6     5    21    36    13    10    18     7
   0     0     0     1     4    30     4     0     5     3     0    27    12    10    19    16
   0     0     0     3     0    23     8     0     0     0     1     0     4     5     0    25
   0     0     0     2     0    28     0    13     5     6     0     1     2     0     0     0
   1     2     1     3     4     5     8     4     0     3     0     1     0     0     2     0
   0     1     4     3     0     6     3     4     3    13     3     1     0     0    10     6

# features.4_input [N=0, C=22]
   5    10     0     1     1     0     8     7     6     4     7     5     4     2     7    23
   4     4     0     2     0     0     3     0     0     0     0     4     0     1     4    18
   7     8     4     0     0     2     5     0     0     0     0     0     0     0     1    20
   0     4     5     0     0     0     4     3     0     4     0     0     2     0     0    18
   1     0     0     0     0     0     1     0     0     0     0     0     0     0     0    18
   0     7     0     0     6     1     0     0     0     0     0     0     0     0     0    19
   0     0    20    21     0     0     6    13     8     0     0     1     0     0     0    13
   0     0    16    29     0     0     2    11    10     0     0     0     1     0     8     6
   0     0     0    29    13     0     0    15     7     2     0     0     1     0     0     5
   0     1     0    34    38     0     0     9     6     4     5     3     0     0     0     0
   0     1     0     0    34    13     0     9     7     9    31    22     0     5     6     0
   0     1     1     0    30    18     0     0     3     0    18    35    16     1    15     4
   0     0     0     0    15    14     0     0     0     0     0     9    11     5    16    24
   0     0     0     1    18    16     0     4     0     0     0     0     0     0     0    20
   0     0     0     0     5     7     0     2     0     0     0     0     0     0     0    17
   0     0     0     0     3     0     0     0     0     0     0     0     0     0     1    13

# features.4_input [N=0, C=23]
  10    19     0     2     1     0     3     3     4     0     1     2     1     0     3    19
  13    11     0     1     0     6    11     2     2     2     0     4     3     2     5    22
   2     2     3     0     1     8    10     2     3     5     3     4     1     3     4    23
   1     0     3     0     2     5     7     7     0     4     1     2     3     4     1    24
   6     6     1     0    18    23     7    10     9     6     4     2     2     4     2    23
   0     2     5    10    30    26     9    13     9    11    11     7     4     0     2    24
   0     3    18    25    16     0     4    10    13     8     6     4     3     0    14    18
   5     1    18    27     1     0     4    22    19     5     4     5     6     0     9     5
   1     1    10    25    16     0     0    27    18     3     3     6     6     0     0    11
   0     7     6    21    22     3     1    22    11     4     6     7     0     0     0    11
   3     7     7     7    28    15     0     2     0     0    12    16     0     3     9     9
   6     7     6     7    31    24     0     0     6     3    10    17     3     4     9    10
   6     8     7     7    25    20     0     0     4     0     6    10     7     3     5    12
   9     7     4     4    15    17     0     8     9     8     6     4     3     3     2    15
   4     2     4     3    14    13     5     9     5     2     0     3     3     2     0    14
   5     5     6     4     7     5     7     6     7     2     6     4     3     2     5    12

# features.4_input [N=0, C=24]
  10     0     0     0     0     3     0     0     0     0     8     1     3     0     0    11
  17     1     2     0     0     1     2     2     1     1     0     4     5     4     5     0
   9    12     7     0     0     0     8     1     4    10     2     6     4     0     3     4
  13     5     6     1     0     0     0     2     0     4     1     4     5     0     2     0
  12     7     2     2     3     0     2     5     4     1     0     4     0     1     1     0
  12     9     8    11     9     6     4     0     3    12     7    11     6     0     0     2
  16     0    17    12     0     4     3     2     6     0     1     4    11     8    11     0
  15     5     0     2     9     9     0     2     0     1     2     0     4    10    11     7
  10     6     0     3    15    11     1     0     0     1     4     2     0     5     7     0
   9     3     4     6     7    14    14     0     5     4     4     0     0     7     6     0
  16     2     5     4     5     1     7     0     0     0     9     1     4    11     5     0
  13     2     2     1     7     0     8     1     4     1     0     3    15    12    21    10
  12     4     2     5     0     0     3     2     3     4     2     0     6     9    24    20
  11     3     3     1     2     2     7     1     1     1     0     0     0     0     1    23
   3     2     0     6     8     8     8     0     0     0     0     0     1     0     2    11
   3     0     0     4     1     5     1     0     2     1     0     0     0     0    10     7

# features.4_input [N=0, C=25]
   0     1     1     0     0     0     0     0     0     0     0     0     0     0     0     0
   0     0     0     0     0     0     0     0     0     0     0     0     0     0     0     0
   0     0     0     0     0     0     0     0     0     0     0     0     0     0     0     0
   0     0     0     0     0     0     0     0     0     0     0     0     0     0     0     0
   0     0     0     0     0     0     0     0     0     0     0     0     0     0     0     0
   0     0     0     0     3     5     3     4     5     4     6     7     5     0     0     0
   0     0     0     4     4     0     0     1     4     5     5     4     5     4     3     0
   0     0     0     3     3     0     0     2     5     5     6     5     6     6     1     1
   0     0     0     2     7     5     0     3     5     5     5     5     5     4     0     0
   0     0     0     0     5     5     4     1     1     3     4     5     4     0     0     0
   0     0     0     0     2     4     0     0     0     0     1     5     4     0     0     0
   0     0     0     0     0     4     1     0     0     0     0     1     3     0     0     0
   0     0     0     0     1     4     1     0     0     0     0     0     0     0     0     0
   0     0     0     0     0     3     0     0     0     0     0     0     0     0     0     0
   0     0     0     0     0     1     0     0     0     0     0     0     0     0     0     0
   0     0     0     0     0     0     0     0     0     0     0     0     0     0     0     0

# features.4_input [N=0, C=26]
   8     7     1     5     5    14    19    18    16    16    17    13    13    11    16    19
   0     0     0     0     0     0     0     0     0     0     0     0     0     0     0     7
   4     2     0     0     0     0     0     0     0     0     0     0     0     0     1     7
   0     0     0     0     0     0     2     0     0     0     0     0     0     0     0     3
   0     0     0     0     0     0     0     0     0     0     0     0     0     0     0     4
   0     1     0     0     0     0     0     0     0     0     0     0     0     0     0     4
   0     0     9     0     0     3     1     4     0     0     0     0     0     0     0     5
   0     0     7     4     0     0     0     0     0     0     0     0     0     0     4     1
   0     0     0     6     0     0     0     0     0     0     0     0     0     2     0     3
   0     0     0    12    14     0     0     0     3     2     2     0     1     5     0     0
   0     0     0     0    11     0     3    11    10    12    17     5     0     2     0     0
   0     0     0     0     4     0     0     3     3     0    11    18    15    10     8     0
   0     0     0     0     0     0     0     0     0     0     0    11    18    16    12    13
   0     0     0     0     4     0     4     0     0     0     1     5     3     4     4    11
   0     0     0     0     0     0     0     0     0     0     5     5     4     4     4     8
   0     0     0     0     0     0     0     0     0     1     5     3     3     3     3     6

# features.4_input [N=0, C=27]
   3     0     3     2    12    14     8     8     7     8     9     6     5     5     7     3
   0     7     2     0     8     0     4     2     6     2     5     6     8     7     6    13
  10     6     5     3     2     3     8     7     0    10     5     7     7     5    10     6
   4     4     5     3     3     4     6     4     8     7     4     6     6     5     4     7
   1     2     6     3     3     3     4     3     1    10     7     7     7     4     3     7
   5     5     1     5     0    12     0     0     1     0     0     0     6     5     5     8
   0    17    13     0    13    12     4     2     0     0     0     0     0     2     0    12
   3    16     1     0     8     1     5     0     0     0     0     0     0     5     5     9
  12    11     4     0     0     5     4     0     2     0     0     0     0     4     1     6
  14     4     5     6     0     0     2     4     4     3     0     0     9     3     0     1
  10     3     2     4     0     2    11    10     5     8     2     0    10     0     0     0
   2     3     3     6     0     5     4     5     2     3     4    13    14     4     9     1
   1     0     1     4     0     7     6     0     4     3     5    19    17     9    13    14
   3     5     4     5     0    12     8     1     0     3    14     9     5     4     4     8
   2     1     1     2     0    13     0     3     1    11    13     4     4     5     4     3
   0     1     1     0     6     4     3     2     1    16     2     3     3     4     0     6

# features.4_input [N=0, C=28]
   4     0     0     0     3     6     0     0     0     3     3     4     2     2     1     2
   8     2     3     3     2     4     0     1     6     3     7     1     8     8     7     6
  16     3     2     6     0     7     0     1     0     1     3     2     6     3     5     1
   6     5     0     3     4     5     1     0     6     0     5     7     4     3     4     2
   4     2     4     3     2     2     3     0     0     0     6     1     2     3     2     2
   9     2     0     2     0     0     0     0     0     0     0     0     0     3     7     6
   0     9    14     0     1     1     0     0     0     0     0     0     0     0     0     6
   0     3     8     0     0     0     1     0     0     0     0     0     0     0     9     5
   6     1     2     0     0     0     0     0     0     0     0     0     0     0     3     0
   3     0     0     8     0     0     0     0     0     0     0     0     0     0     0     0
   0     0     0     3     1     0     8     8     7     5     5     0     0     6     0     0
   1     0     0     0     1     0     0     2     0     0     7     8    11     8     5     0
   1     0     0     0     0     0     3     0     0     0     3     7     3     3     5     8
   1     0     0     0     0     0     8     0     0     0     8     5     2     2     4     3
   1     0     0     0     0     0     0     0     0     3     6     3     1     2     3     3
   0     0     0     0     0     0     0     0     0     8     4     1     2     2     0     3

# features.4_input [N=0, C=29]
  13     0     0     1     5    16     7     5     4     4     4     0     2     4     4     0
   4     9     5     4     7     0     0     0     0     0     0     0     1     1     0     9
  10     7     5     5     5     1     2     1     0     0     3     0     3     0     2     1
   2     0     2     2     4     4     1     0     1     2     0     0     0     1     0     0
   0     0     4     3     4     0     0     0     0     0     0     0     0     0     0     0
   7     7     2     2     0     5     0     0     0     2     0     0     0     0     0     0
   0    12    23     0    11    15     1     9     0     0     3     1     0     2     0     3
   4    18    12     0    11     7     5     3     1     0     2     3     0     5     8     5
  15    16     0     0     0     3     5     1     3     4     4     3     3     7     7     4
  18     9     0     2     0     2     3     5     5     5     6     1    10    12     0     5
  12     0     0     0     1     2    14    15    10    13    10     2    10     9     0     7
   8     0     0     0     0     5     8     8     0     0     2     7    22    14     9     8
   5     0     0     0     0     5     8     4     0     0     0    12    15     3     4     2
   1     2     1     1     1     6    17     0     0     0    12     8     0     0     0     0
   0     0     0     0     0    13    11     0     2     6    12     0     0     0     0     0
   0     0     0     0     3     9     3     1     0    14     9     0     0     0     0     0

# features.4_input [N=0, C=30]
   0     0     0     0     0     0     0     0     0     0     0     0     0     0     0     0
   0     4     0     0     0     0     0     0     0     0     0     0     0     0     0     0
   0     0     0     0     0     0     0     0     0     0     0     0     0     0     0     0
   0     0     0     0     0     0     0     0     0     0     0     0     0     0     0     0
   0     0     0     0     0     0     0     0     0     0     0     0     0     0     0     0
   2     0     0     0     5    10     0     2     1     0     3     0     0     0     0     0
   0     6     5     1    11     8     2     4     1     2     4     3     0     0     0     0
   2     3     0     3     4     0     0     0     6     3     4     2     4     4     3     0
   4     0     0     2     1     1     0     6     7     3     4     3     5     5     0     0
   3     0     0     4     3     2     2     8     8     5     3     4     6     3     0     0
   0     0     0     0     2     3     5     4     5     6     1     3     3     0     0     2
   0     0     0     0     0     7     0     0     0     0     1    11    12     2     5     1
   0     0     0     0     0     7     1     0     0     0     0     7     4     0     2     3
   0     0     0     0     0     5     2     0     0     0     4     0     0     0     0     0
   0     0     0     0     2     8     0     0     0     1     2     0     0     0     0     0
   0     0     0     0     3     0     1     0     0     3     0     0     0     0     0     0

# features.4_input [N=0, C=31]
  15     7     4     6     6    17     9     9     9     9    10     8    11    11    13    10
  16     9    12    12    13    15     4     2     3     7     7     6     7     7     6     6
  16    11    12    12    12     7     2     4     5     4     8     6     8     6     7     9
  18     9    12    13    11    10     2     3     6     3     7     5     7     6     6     3
  14     6    10    11    12     8     5     3     5     4     9     6     5     6     7     7
   8    10    12    10     9     2     2     0     3     5     0     3     5     6     8     6
  13     9    12     0     0    11     4     5     2     0     0     0     4     9    12     0
   6    13    12     0    12    16     9     8     0     0     0     0     0     7     7     4
   6     8     1     0     7     5     8     4     0     0     0     0     0     9    15     6
  10     4     0     0     0     3     4     0     1     0     0     0     4    14    16     9
   8     0     0     0     0     0     5     4     2     4     2     0    11    16     7     9
   5     0     0     0     0     0     9     7     2     2     0     0     9     8     0     5
   5     0     0     0     0     2     9    12     3     5     5     1    11     9     1     0
   7     0     1     2     3     1    14     8     6     4     6     6     0     0     2     3
   6     3     3     3     3    14    18     1     1     3    14     2     0     1     2     2
   4     2     3     1     1    12     4     5     5    13    13     4     4     4     3     5

