# shape: [1, 64, 8, 8]
# features.7_output [N=0, C=0]
  13     0     2     0     0     0     0    11
   0     0     7     0     0     0     0     0
   0     0     3     0     0     0     0     0
  35    36     0    15     0     2     0    11
  18    30     0    16     6     0     2     1
  21    27     7     2    18    15     0    21
   6     0     0     0     0     9     0     0
   0     0     0     0     8     0     0     0

# features.7_output [N=0, C=1]
  13    12     8    18    11     0     6     0
   0     1     2    17     9     0     3     0
   0    15    11    15    16    19    12     0
   0     0     7     0     4     6     4    18
   0    17     0     0     5     8     8     0
  15    16     0     0    22     0     0     0
  10    13     0     0    10     2    11     0
   8    13     0     0     9     2     5     3

# features.7_output [N=0, C=2]
   0     0     2     4     4     2     0     0
   0     8     0     7     9     6     0     0
   6    12     5     9    30    16    11     0
  22     0    28     5    27    25    24     8
   0     0    22    25    10     6     4    29
   2    20    12    25    10     0     0     9
  16    12     7    11    14    33     6     0
  19    17    23    27    27     4    10    12

# features.7_output [N=0, C=3]
   0     4     0    11     3     5     4     0
  18    13     2    25    11    22    11    15
  13     1     0     2     0     0    27    17
   0     0     0     2    22    14    11     0
   0    11     0     2    19    13    16     4
  22    23     0     0     0     0     0     3
  22    17     3     4    12     0     0     0
  17     7     8     7     8     4    18    15

# features.7_output [N=0, C=4]
  13     6     9    19    14     5     0    11
   0     0    14     0     8     0     0     0
   1    23    30    13     6     0     0     5
  10     0     4    23     0     3     0     0
   0     4     0    16    15    11     2     4
  14    22     0     0    12     0     0     0
  18    20     6     5    31     6    17     1
  10    23     8    14    15     0     2    24

# features.7_output [N=0, C=5]
   0     0     0     0     0     0     0     0
  19     0    11     6     6    13     6     6
  17     0     8     9     9    24    23    27
  16    13    16     0     0     0     9    16
   0    28     0    18     0     0     0     7
   0    29     0     0     0    19     0     0
  11     4    20     0    12     8    16    22
  16    13    16    25     2    20    18    23

# features.7_output [N=0, C=6]
   5     6     1     1     5     0     1     0
   0     0     0     0     0     0     0     0
   0     9     0     6     0     0     0     0
   3     9     1     0     0     0     0     6
   0     0    10     2    15    16     0     6
   0     0     0     6     3    27    33    20
   0     0     0     4     0     0     0     0
   0     0     9     4     0     0     0     0

# features.7_output [N=0, C=7]
   0     1     0     0     0     0     0     0
  16    19     3     0     1     6     4     0
   0     6     0     0     1    21    24     0
   0     0    13     0     0     2     5     0
   4     0    29     0     0     8    13    24
  14     0     0    12     1     0     5    23
   3     0     0     7    11     0    16     0
   6     6     0     9     3    27    29     0

# features.7_output [N=0, C=8]
   6     0    20     5     0     0     0     7
   0     0    12     7     6     7     2     0
   7    23    26     8    13     6     0    13
   0    45     0    19     3    13     4    23
  24    33     0    36     0     2     9    12
  18     4    25     5     3    12    26    20
  10     8    18    23    11     0     0     0
  11    10    15    17     5     9     0     1

# features.7_output [N=0, C=9]
  14    13    45     6    22    19    23    17
   8     9     0     9     3    12     2     0
   0    20    26    12    16     5    16     0
   7     0    16     6     2     0     0    28
  20    17     0     1    21     0    10     0
   6     7    11    10     0    25    11     1
  10    11    37    17     3    28     0     2
   7    10    46    13    45    17    23     8

# features.7_output [N=0, C=10]
   7     0     0     7     4     6     1     8
   1    28     0     0     0     0     0     3
  26     5     9     0     5     3     0     0
  34    34     0    17    27    20    23     0
  13     0    22    20     0     4     0    16
  11    12    32     0     2     2     0    19
  17     7     1     2    19     0    13    43
  15    12    10    14     0     0     4    25

# features.7_output [N=0, C=11]
  17     0     0     4     0     1     0     0
   9     9     0     0     0     0     0     1
   1    20     7     0     1     0     0     0
   0    19    43    11     4     0     0     0
   0     0    17     4     0     0     0     8
   0     0     0     0     0     0     0     5
   0     0     0     0     5     0     6    12
   0     0     8    27     0     1     0     0

# features.7_output [N=0, C=12]
  28    21     9    22     4    16     2    14
   0    11     0    14    12     0     2     0
   0     0    32     5     3     0     0     0
  10     0    12     1    19    14     0     0
  23     0     0     0    13    13    12     7
  20    11     0     0     1     0     0     9
  33    31     0    19    11    40    24     0
  22    22    18    17     9    31    13     0

# features.7_output [N=0, C=13]
  23    13     6     1     0     0     0     4
   3     0    14     2     6     0     0     0
  25    19    22    15    12    13    13    15
   5     2     0     0     3     3     0    10
   0     0    12     0     0    24     2    11
  21    22     0     0     0     0     0    18
  24    14     0     0    19     3     0     0
  13    20     0    25    12     8     7     9

# features.7_output [N=0, C=14]
  14     4     6     7     3     5     7     0
   0    13     4     0     3     5     7     4
  16     1     0     0     0     0     0     5
  20     0     0     0     5    13    13     0
  24     0    17     1    15    19    25    10
  26    20     0     4     0     0    14    24
  27    16     0    17    20    16    21    13
  17    17     0     0     1     6     9     7

# features.7_output [N=0, C=15]
  16     2     0     2     0     0     0     0
   0    17    12     0     0     2     0     2
  18    12    18     9    13    11     8    12
   0    20     4    22     4     0     0     0
   0     3     0     4     3     0    10    22
   0     0     0     0     0     0     0    23
   8     2    10     8     0     0     0     0
   0     0    22    21     0     9     7    10

# features.7_output [N=0, C=16]
  21    16    18    10    11     7     3     0
   0     8    25     4     8    10    13     0
   7     0     0     4     0     4    15     0
  15    15    40    20    30    10     6     0
  27    13    19     5     7    10     6    10
  30    19     0    10     8     0     0     3
  25    11     0     0    20     0    29     1
  19    25    11    50    15    25    20    11

# features.7_output [N=0, C=17]
   4     6     1     6     5     1     0    14
   5     0     0     9     2     0     0     0
  12     0     2     0     1    11     4    10
   0     1     0     1     0    12     6     3
   3     3     7     6    14    10    12     8
  14     0     3    21    16    38     0     0
  14     7     3     9    16     0    12     0
  15    11     0     7     6    12     9     4

# features.7_output [N=0, C=18]
   0     0    13     5     7    18    17     1
   0     3     0     8     8     6     6     6
   1     0     0    19    23    14     0     0
   0     0    17     0    15    13    14     0
   8     5    12     0     0     0     0     3
   5    34     1     0     3     0     0     0
   0     3     6     0    18     0    12     0
   6    12    23    17    12     9     5     9

# features.7_output [N=0, C=19]
   8    22     8     0     8     0     4     2
  28     1    27     4     4     2     2    11
  37    19    27     8     9    16    21     0
  34    51    32     0    15     5    45    28
   2    56    29    33     2     8    12    26
  10    57    24    38    23     1    24    36
  15    25     0    34    22    56    13    22
   9    19     1    17     9     0     5    14

# features.7_output [N=0, C=20]
  11     7     0    16     7     8    20     0
   5    17    13    21    15     9    13     5
   5    14    16     0     1    13    14     4
   5     0     0     5    12    17    11     0
   8     0     0     0    17    13    11     0
   6    14     0     0    12     7     0     1
   4    14     4     0     6     0     3     7
   6    12     6     1    12     0    31    17

# features.7_output [N=0, C=21]
   0     0     4     5     0     0     0    19
  27    13     0     0     2     0     8    23
   0     0     5     0    11     0     5     1
   7    36    18    10     0     0     0     0
   0     0     0     0     0     3     6     0
   0     0     0     0     1    24    14    11
   0     1     0     3     1    27    12    13
   2     1     9    21     0    31     8    15

# features.7_output [N=0, C=22]
   0     0     0     0     0     8     6     2
   0     5     6     0     2    13    15     6
  22     3     0     0     0     0    14     9
  12    10     2     0     2    17    29    31
   0    37    46     7     0     0     0    12
   0    23    24     0     6    36     3    24
   0     0     1     0    13    22    22    41
   1     6     0     0     0     0    10     0

# features.7_output [N=0, C=23]
   0     2    31    21     0     2     1    12
  20     0     5     1     0     0     6    15
   0     0     0     0     0    19     0    26
   4    36     0     0     0     0     0     0
   0    23     0     0     0     0     0     1
   0    22    34     0    10    35     0     0
   0     0     0     0     0    35    30    23
   0     0     0     6     0    14     0    10

# features.7_output [N=0, C=24]
   0    15     3     7     4     0     0     0
   9     0     0     0     0     0     0     0
   1     0    13     0     0     0     0     0
  24     0     0     0    11     7    11     0
  17     0     7    12     6     0    18     9
   0     0     6    23     0     0     1     0
   0     0     1     3     0     0    13     4
   0    22    11     0     8     0     0     5

# features.7_output [N=0, C=25]
   0     8     5     0     3     5     7     0
  14     2     0    11     7     5     0     5
   0     0     0     0     0     0     8     0
   6     0    24     0     1     0     0     0
  19     0     0     0     9     0     7     0
  14     8     4    22     0     0    20     0
   0     0     6    13     0    36    16     0
   0     0    11     0     0    28    16     7

# features.7_output [N=0, C=26]
   0     0    11    23    23    19     8     0
  13     4     0     0     2     0     4     0
   3     0     0     0     1     0     4     0
   6     0     2     0     0     2     3     0
   0     0     0     0     0     6     0     2
   4     0     0     2    28     0     0     0
   8     0     0     0     3    16    27     2
   3     0     0     0     0     5     4     0

# features.7_output [N=0, C=27]
   0    21    12     2     0     0     0    10
  24     0     3     1     0     0     0    12
  19     0     0    15    14    12    12     8
   2     0     8     6     7    14    11    15
   0     4    11     0     0    15     8    24
   5    15    18     0     0     0     0     3
   6     3    14    12     8     0    14    11
  18    15    12    24     6    34    31    32

# features.7_output [N=0, C=28]
  13     9    10    10    10     5     5     9
   5     6     0     3     0     5     3     0
   0     6     8     3     0     1     0     0
   0     0    21     0     0     0     0     0
   0     0    19     0     5     0     0     0
  15     0    30    19     0     6    19    14
  12     0     0    14     4     0    35     7
   4     0     0     8     8     5     8     0

# features.7_output [N=0, C=29]
   0     0     0     0     0     0     0    11
   3     4     0     7     4     0     5    16
   0     0     0     0     0     0     1    21
   0     0     0     0     0     2     0     1
   7     0     0     5     3     0     0     4
  10     3     0     5     0     0     0    11
  12    16     0     0     3     1    25    18
  21    17    29    28     3    15    19    27

# features.7_output [N=0, C=30]
  26     0     0     9    10     8     4    23
   0     7     0     0     5     0     0     7
  20     0    39    14    14    15     5     3
  15     5     1     6     7     1     2     0
   0     0     0    18     4     0     0     2
   0     9     8     0     0     0     0     0
  14    13     8     2    14     7     2     9
   9    21    25     6     9    10    13    15

# features.7_output [N=0, C=31]
  14    21    11     5     4     0    12     8
  10     0     0     1     0     0     0     0
  20     4     3     0    18     0     0     0
   0     9    19    22    22    11     9     0
   3    12    53     0    13    25     4     0
   8     0    39     0    18    25    16    32
   8    13    13     1     0     0     0    27
  15    11    18     3     7     0     0     7

# features.7_output [N=0, C=32]
   4     0     4    14     6     7     0    11
   0     0     0     1     3    10     5     7
   0     0     0     5     0     3     4     5
   0     0     0     0     0     0     0     0
   0     0     0     0     0     0     0     0
  11     5     0     1    16     0     0     0
  14    13     0     6     9    12    27    28
  15    17     2     8     0    13    16    15

# features.7_output [N=0, C=33]
  27    22    18     0     0     0     0     3
   5     6    11     4     4     0     0     1
   9     0     0     0     0     0     0     0
  32     0    17    11     0     4     0     0
  32    11     0    26    19    10    12    22
  27    11    11    11    11     0     0     0
  29    16    34     5    30    17     6     2
  25    29    45    28    31     0     0     4

# features.7_output [N=0, C=34]
   0    33    25     1    16     0    14     8
  24    12     8    16    12    14    15     6
  23    25     0     0     0     9     0    19
  14     0     9    16    13    25    35    43
  14     0    38     0     1    12     1     8
  13    11     0     4     0    26    11    46
   1    11     0    14    15    16     0    47
  13    17     8    23    14     1    10    15

# features.7_output [N=0, C=35]
  21    15    19    12     7     4     7    11
  13    14    16     7    11    17    10     0
  16     7     9     5     0     4    16    13
  33     4     7     0     0     8    20    29
  28     2     0     7     0     5    26    12
  18    11     0    17    24     0    13    12
  14    13     0    18    18     1     0     0
  16    19     0     1    16     4     0     5

# features.7_output [N=0, C=36]
  18     0     4     5     3    13    10    11
   0     0     9     0     0     0     0     1
   0     0     0     5     0     0     0     0
   0     0    13     9     5     1     0     0
   0     0     0    18    20    11     0    21
   0     0     0     6    13     0     0    17
   6     4     0     0     3    12    12     0
   7    10     4    17     1    11    10     1

# features.7_output [N=0, C=37]
  12     2    25    11     4     1     1    21
   1     4    19     5     3     0     1    10
   1     3    35     0     9     2     0     5
  14    33    31    32    15    10     7     0
  33    15     5    20     3    19     0    22
  23    11    15     0    28    28     1     0
  20     7     9    19    12     0    29    13
  12     9     5    30    11    19     2     1

# features.7_output [N=0, C=38]
  18    10     0     0     0     8     8    20
   0    15     9     3     0     0     3     5
   0     0     0     0     0     0     0     0
   0     0     0     4     0     0     0     0
   0    17     8    11     1     2    14     0
   4    11    22     0     9    28     0    11
   0     4     0     0     0    23    11    18
   0     0     8     0     0     0     0     0

# features.7_output [N=0, C=39]
   3     4     4    18    12    14    15    35
   0     0     0     0     0     0     0     1
   0     0     0     1     0     0     0     0
   0     0     0     0     0     0     0     0
   0    30     0     0     0     0     0     0
   0     8    27     0    13    10     0     0
   0     0    11     0     0     0     0     0
   0     0     0     0     0    11    17    13

# features.7_output [N=0, C=40]
  11     4    15     0     0     0     0     7
   0     1     0     4     0     0     0     2
   1     0     6     0     0     0     0     4
  10     0     8     6     4     5    12     9
   0    11     5     8     3     0     0     0
   0    23     1    20     0    18     0     0
   3     0     2     0    29    27    12    28
   5     0     0    19    20     2     6     0

# features.7_output [N=0, C=41]
   0    12     0     0     0     0     0     0
   0     0    12     7     0     0     0     0
   0     5     0     0     0     0     0     0
  10    12     0    21    15    19    20     0
  19     0    17     0    22    34    16     9
   9    17     0     0     8    16     0    18
   4    15     0    12    10    22    22     1
  14    12     0     0    21     9    14     0

# features.7_output [N=0, C=42]
   0    15     4     1     3     0     4     0
   0     0     0    14    15     9     0     0
  16    10     0     6     5    17    16     0
   0     0     0     0     7     9    20     3
   0     0    11     1    16    13    11     0
   1     5     0     0     0     0     0    13
   2    10     0     0    11     0     0     0
   9    10     0    11    12     4    10     0

# features.7_output [N=0, C=43]
   0     0    18    20    12    13     0     0
   1     0     0     4     6     0     0    14
   0     0     0     1     0     0     0    11
  12    10    11     5     2     7     0     0
  28    37     0    15     0     5     0     0
  30    25     0    25    32     0     0     0
  13    24     1     8     6    20    43    39
   8    20     6    11     0    14     5    24

# features.7_output [N=0, C=44]
  15     6    15     0     0     0     0     0
  21     2     0     0     0     0     0     0
   9    19     0    12     2    12     0    11
  17    31     0    22     0     2    24    31
   7    27     0    16     0     0    11    21
  10    35     0    26     8     6    15     0
   7    17     0     8     1    12     0    15
   6    22     7     1    11     0    10    14

# features.7_output [N=0, C=45]
  21    12     9    16     7     4     0    10
  17    16     5    12     0     0     0     7
   1    10     9    26    11     0    15    17
   0    12    28    20    10     4     0    36
   0     0     0    25     6     5     0    31
   9     0    28    25    34    17     0     7
   2     0    26    14     7     2     0     0
   3     3     7    21     8     0     0     1

# features.7_output [N=0, C=46]
   9     0     0     0     0     0     0    19
   0     0     0     0     0     0     0    20
   0     0    14     1     4     0     0    22
   0     4     0    31     3     0     0     0
   0    36     0    28     4    13     0     2
   0    34    32     0    18    44     0     8
   0    22    28     0     0     0     4    17
   2    23    14     2     0     0     1    25

# features.7_output [N=0, C=47]
   4     7    22    20    13     0     0     0
   0     7    17    15     6     0     5    20
  17     2    17     0    19     0     8    16
  10    16     0    26     1     8    16    23
   9    16    21    12     0    33     6     8
  19    27    10     0    19    28     0    14
  18    14     9    16    22     0    24    18
  14    15     0    33    14    14     8    18

# features.7_output [N=0, C=48]
  15    25    19     0     0     5     9     0
   0     8    27     8     4     3     8     3
  12     9     3     0     0     0     0    13
  27     0     0     0     9    15    26    10
  24     4    24     9    25    26    31     0
  19    31    27    20    18    20    28    21
  14    21    13    29    20    17     0    14
  16    15     0     0    20     0     4     0

# features.7_output [N=0, C=49]
   0     8     8     1     0     0     0    13
   0     0     7     8     8     0     0    16
   0     0     0     0     0     0     0     9
  16     0    12     2     0     1     8     0
  25     0     0     0     2     0     8     0
   3    20     0     2    18     0    23     0
   0    18     0     0    10     8    34    13
   0    15    34     5     9     6     2    10

# features.7_output [N=0, C=50]
   7     0     0     0     0     0     0     0
   0     0     3     8     5    10     0     0
   0     0     0     5     0     0     6     0
   0    16    14     9     9    11     2     2
  23    16     0    11    10     2     9     3
  24     9    16    12     4    15     0     2
  20    15    21    26     1     0     5     0
  14    13    11    16    12     0     0     0

# features.7_output [N=0, C=51]
   2     2     2     9     5     3     7     6
  16    14     6     4     6    12    11    13
  10    30    26     5    11    13    25    16
  20     0    19     6     1     0     0    35
   0    19    35    35     0    11     0    15
  12    28     0    17    25    14    12    20
  17    15     0     1    22    26     0     1
  12    26     0     5     8     9    11    26

# features.7_output [N=0, C=52]
   8     2     0     0     0     0     0     0
   9     2    22    21     0     0     0    10
  16    33    26    28    20    28    28    31
   0    12     0    18     9     9    19    17
   0    17    16    18     7    22     7    14
   5     2    27    10     1     0    18    11
   7     2     0     1    20     0     0     0
   7    10     0     0     0     0    18    16

# features.7_output [N=0, C=53]
   5     1     0    11     0     5     0     9
   0     0     1     8     0     0     0    16
   1     0     0     0     0     0     0    14
   0    19     0     2     9     0     0     0
   0    12     2    16    18     7     0     3
   6     9    18     0     5    22     0     3
  11     6    19     0    12     0    14    12
  10     8    12    14     9     1     0    11

# features.7_output [N=0, C=54]
   7     7     8    16     5    11     5    10
   0    13     0    14     0     0     2     8
   1     3     0     0     0     0     8    32
   2    19    22    21     0     8     1    21
  19     0    16    13     6     2    35    31
  15     5     0    30    22    41    11     1
   0    11     0    17     9     7    35    34
   1     8     0     2     0    12     0     7

# features.7_output [N=0, C=55]
   9     4     1     0     3     0     5    15
   0     1     8    21    15     9     6    10
  20     9    20     5     4     0     0    11
  23    32     4    10    20    12    13    10
  10    44    37    35    27     5    10     6
   8    19    38     0     0    25     0    23
  13    16    27    22    21    27     2     1
  19    19    14    21    20     0     0     0

# features.7_output [N=0, C=56]
   5    21    14     0     0     0     6     0
   9    12     3     5     9     9     4     3
  17    14    22    12    19    11    18    23
  16     5    22     0    13    16    15    39
  24    23    18     8    20     4    27    16
   8     9    27    27     0     0    21    11
  17    14    35    33    12    19     0     0
  18    13    23     8    14     0     0     1

# features.7_output [N=0, C=57]
  11    11     8     9     8     0     0     5
   0     0     0     0     4     0     0     0
  25    15     0     0    12     8     7     0
  15     6     0     2     7    24    27     7
  14     3    12    13     0    29    11     0
  16    11     0    32     9     2     0     8
  17    22    12     3    12     3     0     0
  16    10     0     0     4     0     8    11

# features.7_output [N=0, C=58]
   0     6     9     5     0     0     0     0
   2     0     0     0     0     0     0     0
   0     0     0     0     0    14    21     0
   1     0     6     0     0     1    10     0
  16     0    27     0     0     0     1     0
  17     0     0    26    14     0     0     0
   5     0     0    18     8    11    17     0
   5     3     0     5    13    29    12     0

# features.7_output [N=0, C=59]
  19     0    18     0     0     3     5     8
  27     5     5     7     7    10     0    15
   3     0     0     0     0     0     1     6
  21     0     3    16     0     0     0     2
   7    12     0    12     9     1    19     7
   9    20     0    31    21    16    13     1
   8    17     0     8     8    16     4    25
   2     4     0    11    10     6    13    16

# features.7_output [N=0, C=60]
   6    14    36    19    23    30    24     7
  31    13    34    28    15    14    19     9
  25    23    31    15    20     9     0    16
  10    33    41     9     9     1     0     6
  18    16    52     0     4     1     5     8
   5    19    35    16     5    13     2     2
   6     1     8    18    16     5     0     0
  14     7    24     7    30    14     4     3

# features.7_output [N=0, C=61]
  34    22     5    18    13    19     7     0
   9    21     0    20     9     4     9     0
  10    10    11     8     6     5     3     0
  12    31    13     0     0     8     0     0
   2     0     6     5     1     0     0    13
  13     6    29     5    22    27     0     0
  24    15     9     6    10    20     9    16
  19    17    25    27    21     0     1     3

# features.7_output [N=0, C=62]
  14    11    18    11    17     9     7    17
  13     0    17     0     2     0     6     8
   2    25    26     0     4     8     0     0
  18    16    20     0     3     0     8     0
   1     0     5     0     0    18    16     7
   0    10     0     3     0    11    30    25
   0     1     2     0     0    13     0     6
   0     0     4     0    12     3     4     9

# features.7_output [N=0, C=63]
   0     0     0     0     0     0     0     0
   9     4     9     3     6     6     0     0
   5    38     0     2    16    12    15     0
   0     5     9     5    14    23     0    21
  14     0    20     4    10    12     0    19
  33     7     1     0     0     0     0    24
  25    20     0    14    12     0    10     1
  22    19     2    23     4    18    24     9

