# shape: [1, 64, 16, 16]
# features.7_input [N=0, C=0]
   0    13     0     0     0     2     0     0     0     0     0     0     0     0    11     0
   0     3     0     0     0     0     0     0     0     0     0     0     0     0     0     0
   0     0     0     0     0     0     0     0     0     0     0     0     0     0     0     0
   0     0     0     0     0     7     0     0     0     0     0     0     0     0     0     0
   0     0     0     0     2     3     0     0     0     0     0     0     0     0     0     0
   0     0     0     0     1     0     0     0     0     0     0     0     0     0     0     0
   0    30    22     0     0     0     0     0     0     0     2     0     0     0    11     1
   0    35    36     0     0     0    15     8     0     0     0     0     0     0     0     0
   0     8    25     6     0     0     0    16     6     0     0     0     0     0     0     0
   0    18    22    30     0     0     0     4     0     0     0     0     2     0     0     1
   0    21     0    27     7     0     0     2     0    18    15     0     0     0     0    16
   0    15     0     0     0     0     0     0     0    12     4     0     0     0     0    21
   0     6     0     0     0     0     0     0     0     0     1     9     0     0     0     0
   0     2     0     0     0     0     0     0     0     0     3     0     0     0     0     0
   0     0     0     0     0     0     0     0     8     7     0     0     0     0     0     0
   0     0     0     0     0     0     0     0     0     0     0     0     0     0     0     0

# features.7_input [N=0, C=1]
   3    13     1    12     8     0    16    18    11     2     0     0     0     6     0     0
   0     0     4     6     0     0     0     0     0     0     0     0     0     0     0     0
   0     0     1     0     0     0     0     6     9     0     0     0     0     3     0     0
   0     0     0     1     2     0     6    17     0     1     0     0     0     0     0     0
   0     0     0     8     7     3    15    10     5     4    19    11     7     0     0     0
   0     0     0    15    11     0     0     0     0    16     0     1    12     3     0     0
   0     0     0     0     0     0     0     0     2     0     0     6     4     0    18     0
   0     0     0     0     0     7     0     0     0     4     1     1     2     0     0     0
   0     0     0     0     0     0     0     0     0     5     0     4     2     0     0     0
   0     0    17     0     0     0     0     0     0     0     0     8     8     0     0     0
   0    11    16     0     0     0     0     0     9    17     0     0     0     0     0     0
   0    15     8     0     0     0     0     0    16    22     0     0     0     0     0     0
   0    10     8     0     0     0     0     0    10     5     2     0     0    11     0     0
   0     1    13    11     0     0     0     0     3     2     0     0     3     0     0     0
   0     8    13     9     0     0     0     0     8     0     0     2     2     5     3     0
   0     2     4     0     0     0     0     0     9     0     0     0     0     0     0     0

# features.7_input [N=0, C=2]
   0     0     0     0     0     0     0     0     0     0     0     0     0     0     0     0
   0     0     0     0     0     2     0     4     4     2     2     0     0     0     0     0
   0     0     0     0     0     0     4     7     9     0     6     0     0     0     0     0
   0     0     0     8     0     0     0     0     0     0     0     0     0     0     0     0
   0     4    12     4     0     1     9     0     0     1     0     0     0     0     0     0
   6     0     0     6     0     5     9     5    15    30    16    15    11    10     0     0
  22     0     0     0    15    15     0     1     8    27    25    24    24    24     0     0
   0    21     0     0    27    28     5     0     2    13    14    14     4    13     8     0
   0     0     0     0     0    22    25     0    10     3     4     6     0     4    29     1
   0     0     0     0     0     0     4     0     0     0     0     0     1     0     0    18
   1     0     9    20     0     0     1     0     0     0     0     0     0     0     0     9
   2     0     0     8    12     6    25    19     0    10     0     0     0     0     0     0
   5     9     8     2     3     7     4    11    14    12    33    26     0     0     0     0
   7    16    12     8     2     5     4     0    13     7     9    14     6     0     0     0
   7    19    11     9     1    18     7     4     0     0     0     0     0     0     0     0
  14    18    17    16    12    23    18    27    27    18     4     3     7    10    12     0

# features.7_input [N=0, C=3]
   0     0     0     2     0     0     0    11     2     3     5     0     4     1     0     0
   0     0     0     4     0     0     0     0     0     0     0     0     0     0     0     0
   0    18     0    13     0     0     8     9     7     0     2     3     0     6    15     0
   0     0     8     5     0     2    25     3     6    11    11    22    11     5     3     2
   0     0     0     1     0     0     2     0     0     0     0     0    14    27    17     4
   0    13     0     0     0     0     0     0     0     0     0     0     0     0     0    16
   0     0     0     0     0     0     0     1     0     7     4     1     0     0     0     0
   0     0     0     0     0     0     2     0     5    22     9    14    11     0     0     0
   0     0     0     8     0     0     0     2    16    19     7    13    16     0     0     4
   0     0     2    11     0     0     0     0     6     2     0     0     0     0     0     4
   0    18    14     0     0     0     0     0     0     0     0     0     0     0     0     3
   0    22    23    10     0     0     0     0     0     0     0     0     0     0     0     0
   0    22    16     0     0     0     0     0     1    10     0     0     0     0     0     0
   0    12    17    12     3     0     0     4    12     0     0     0     0     0     0     0
   0    17     7     5     0     0     0     0     8     0     0     4    17    18    15     8
   2     8     7     1     8     0     0     7     7     0     0     0     0     0     0     0

# features.7_input [N=0, C=4]
  13     0     0     3     0     0     0     0     0     0     0     0     0     0     0     0
   1     0     6     2     0     9    18    19    14    14     5     3     0     0    11     0
   0     0     0     0     0     0     0     0     0     0     0     0     0     0     0     0
   0     0     0     0    14    12     0     0     8     0     0     0     0     0     0     0
   0     0     0    23    30     0     0    13     6     0     0     0     0     0     0     0
   1     0     0     2     0     0     0     1     0     0     0     0     0     0     5     0
  10     0     0     0     0     0    17    10     0     0     0     0     0     0     0     0
   6     0     0     0     0     4    23    11     0     0     3     0     0     0     0     0
   0     0     4     0     0     0    16     0     0     0     5    11     2     0     0     0
   0     0     0     0     0     0     0     0     0    15     8     0     0     0     4     0
   0     1     8     0     0     0     0     0     1    12     0     0     0     0     0     0
   0    14    22    13     0     0     0     0     0     0     0     0     0     0     0     0
  12    18    13    20     4     0     0     0    16    31     6     0     0     0     0     0
   9    10    11    14     6     0     0     5     5     9     0     0     0    17     1     0
  10    10    12    23     8     0     1     7    15     0     0     0     0     2    24     0
   8     7     6    15     0     0    14     5     0     0     0     0     1     1     3     0

# features.7_input [N=0, C=5]
   0     0     0     0     0     0     0     0     0     0     0     0     0     0     0     0
   0     0     0     0     0     0     0     0     0     0     0     0     0     0     0     0
  19     0     0     0     0     5     0     0     0     0     0     0     0     6     0     3
  14    10     0     0     0    11     6     0     6     4    13     2     2     0     6     2
   0     2     0     0     0     4     9     7     9     0     9    24    23    14     0     7
  17     0     0     0     8     0     0     0     0     0     0     0     4     0    27     7
  16     0     0     0     0     6     0     0     0     0     0     0     0     0     0     0
   0     0    13     0     0    16     0     0     0     0     0     0     0     9     0    16
   0     0    28     0     0     0    18     6     0     0     0     0     0     0     0     7
   0     0    28     0     0     0     0     0     0     0     0     0     0     0     0     0
   0     0     0    21     0     0     0     0     0     0     0     0     0     0     0     0
   0     0     0    29     0     0     0     0     0     0    19     0     0     0     0     0
   7     0     0     1     2     0     0     0     0     0     8     0     0    16     5     0
  11     5     4     3    20     0     0     0    12     0     0     0     0     0    22     0
  16     8     6     8     7     0    25    10     2     0     9    12    18     4    23     9
   8     6     6    13     1    16    21    14     0     0    20     7     0     1     0    19

# features.7_input [N=0, C=6]
   0     5     6     0     1     0     1     0     5     0     0     0     1     1     0     0
   0     0     0     0     0     0     0     0     0     0     0     0     0     0     0     0
   0     0     0     0     0     0     0     0     0     0     0     0     0     0     0     0
   0     0     0     0     0     0     0     0     0     0     0     0     0     0     0     0
   0     0     0     0     0     0     0     0     0     0     0     0     0     0     0     0
   0     0     9     0     0     0     6     5     0     0     0     0     0     0     0     0
   0     0     0     0     0     0     0     0     0     0     0     0     0     0     6     0
   0     3     9     0     0     1     0     0     0     0     0     0     0     0     0     0
   0     0     0     0     2    10     0     0     0     0     0     0     0     0     6     0
   0     0     0     0     0     0     0     2     0    15    16    13     0     0     0     0
   0     0     0     0     0     0     0     0     1     3     3    27    33    31    17     0
   0     0     0     0     0     0     6     0     0     0     0     0    21    30    20    12
   0     0     0     0     0     0     3     0     0     0     0     0     0     0     0     0
   0     0     0     0     0     0     4     0     0     0     0     0     0     0     0     0
   0     0     0     0     9     0     4     0     0     0     0     0     0     0     0     0
   0     0     0     0     0     0     0     0     0     0     0     0     0     0     0     0

# features.7_input [N=0, C=7]
   0     0     0     0     0     0     0     0     0     0     0     0     0     0     0     0
   0     0     0     1     0     0     0     0     0     0     0     0     0     0     0     0
   0     0     4    19     1     0     0     0     0     0     0     0     0     0     0     0
   0    16     7     8     0     3     0     0     1     0     6     0     0     4     0     0
   0     0     6     0     0     0     0     0     0     1    13    21    24    14     0     0
   0     0     0     0     0     0     0     0     0     0     0     6    18    12     0     0
   0     0     0     0     0     0     0     0     0     0     0     0     0     5     0     0
   0     0     0     0     0    13     0     0     0     0     2     0     0     0     0     0
   0     0     0     0     0    29     0     0     0     0     2     7     6     0     0     0
   0     4     0     0     0     0     0     0     0     0     0     8    13     0     5    24
   0    14     0     0     0     0     0     0     0     0     0     0     5     0     0    20
   0     8     0     0     0     0    10    12     1     0     0     0     0     0     0    23
   0     3     0     0     0     0     0     7    11     0     0     0     0     0     0     0
   0     2     0     0     0     0     0     0     5     0     0     0     8    16     0     0
   0     4     6     0     0     0     0     9     0     3     5    27    29    17     0     0
   1     6     0     0     0     0     0     4     0     0     5    16     5     0     0     0

# features.7_input [N=0, C=8]
   6     6     0     0     0     8     5     0     0     0     0     0     0     0     7     0
   6     0     0     0     0    20     0     0     0     0     0     0     0     0     0     0
   0     0     0     0     0    12     7     0     6     4     0     7     0     0     0     0
   0     0     0     0     5     0     0     0     0     0     0     0     2     0     0     0
   7     0     0     6    19     0     0     0     0     0     0     0     0     0     0     0
   0     6     0    23    26     0     5     8     2    13     6     0     0     0    13     0
   0     0    17     8     0     0    13     8     0     3     5    13     0     1    17     0
   0     0    45     0     0     0     6    19     0     0     0    11     4     0    23     0
   0     6    33     6     0     0    15    36     0     0     0     2     0     0     9     4
   0    24     4    18     0     0     2    28     0     0     0     0     0     9    12     0
   0    18     0     4     2     0     0     1     0     0    12     0     0    26    12     0
   0    10     0     0    25     0     0     5     3     0    12     0     0    22    20     0
   5     8     2     8    18     0     0    18    11     0     0     0     0     0     0     0
  10     5     2     4    14     0     0    23     0     0     0     0     0     0     0     0
   6     2     5     7    15     0     6    17     0     0     0     8     0     0     0     0
  10    11     8    10     6     0    15     0     5     0     9     4     0     0     1     0

# features.7_input [N=0, C=9]
  14     0    13    12    45    29     6     5    10    22    16    19     7    23    17     0
   0     0     0     0     9     0     0     0     0     0     0     0     0     0     0     0
   8     0     0     9     0     0     9     7     3     0     7     0     0     0     0     0
   0     0     0     7     0     0     9     7     0     0    12     0     0     2     0     0
   0     0     3    19     0     0    12     0     0    16     5     0     1     4     0     0
   0     0    20     0     0    26     0     0     0     0     0     0     0    16     0     0
   0     7     0     0    11     0     0     0     0     0     0     0     0     0     0    12
   0     3     0     0    16     0     6     0     0     2     0     0     0     0     0    28
  20     0     0    17     0     0     0     0    21     0     0     0     8     0     0     0
  11     0     0    10     0     0     0     1    11     7     0     0    10     0     0     0
   0     0     0     7     0     0     0     9     0     0     0     4     1     0     0     1
   1     6     0     0     0    11     1    10     0     0     0    25    11     0     0     0
   0     0     0     0     0    10    17     0     0     0     1    19     0     0     0     0
   0    10    11     1     0    37     7     0     0     3    28     0     0     0     2     0
   1     5     7     0     0    46     0     0     6    45    17     0    12    23     0     0
   1     7    10     0    12     0     0    13    22    25     0     6    11    11     0     8

# features.7_input [N=0, C=10]
   1     0     0     0     0     0     0     0     0     0     0     0     1     0     0     8
   7     0     0     0     0     0     0     7     4     1     6     0     0     0     0     0
   1     0     5     6     0     0     0     0     0     0     0     0     0     0     2     0
   0     1    28     4     0     0     0     0     0     0     0     0     0     0     0     3
  14     0     0     5     0     0     0     0     0     0     0     0     0     0     0     0
  26    12     0     0     9     0     0     0     5     0     3     2     0     0     0     0
  19    12     0     1     0     0     0     0     6     9    17    20    15    14     0     0
  34     0     0    34     0     0    17     5    27     9     0    10    23    23     0     0
  13     0     0     0     4    12    20     5     0     0     4     1     0     0     0    16
   0     2     0     0    22    15    12     0     0     0     0     0     0     0     7     0
   4     3     0     0    18    32     0     0     0     0     0     0     0     0    19     0
  11     0     4    12     2    20     0     0     2     2     2     0     0     0     0     0
  17     0     2     6     0     0     2     0     3    19     0     0     0    13     6    43
  13     0     0     7     1     0     0     0     1     4     0     0     0     0     0    29
  15     0     3     8     1     0     0    14     0     0     0     0     0     0     0     0
  13    11    12    12    10     0    10     0     0     0     0     0     1     4     8    25

# features.7_input [N=0, C=11]
   0     0     0     0     0     0     0     0     0     0     0     0     0     0     0     0
   0    17     0     0     0     0     4     2     0     0     1     0     0     0     0     0
   0     0     0     6     0     0     0     0     0     0     0     0     0     0     1     0
   0     9     9     0     0     0     0     0     0     0     0     0     0     0     0     0
   0     1    20     0     0     0     0     0     0     0     0     0     0     0     0     0
   0     0     0     0     7     7     0     0     1     0     0     0     0     0     0     0
   0     0     0     0    43     0     0     0     0     3     0     0     0     0     0     0
   0     0     0    19     0     2    11     0     4     0     0     0     0     0     0     0
   0     0     0     0     0    17     0     0     0     0     0     0     0     0     0     0
   0     0     0     0     0     6     0     4     0     0     0     0     0     0     0     8
   0     0     0     0     0     0     0     0     0     0     0     0     0     0     5     0
   0     0     0     0     0     0     0     0     0     0     0     0     0     0     0     0
   0     0     0     0     0     0     0     0     5     0     0     0     0     0     0     0
   0     0     0     0     0     0     0     0     1     0     0     0     0     6    12     0
   0     0     0     0     8     6     0    27     0     0     0     1     0     0     0     0
   0     0     0     0     3     0     0     0     0     0     0     0     0     0     0     0

# features.7_input [N=0, C=12]
   0     0    21     0     0     9     0     0     0     0     0     0     0     0     0     0
   0    28     0     0     0     0    15    22     0     4    16     0     2     2     0    14
   0     0    11    10     0     0    14     0     0     0     0     0     0     0     0     0
   0     0     0     0     0     0     0     1    12     0     0     0     0     2     0     0
   0     0     0     0     0     9     5     0     1     0     0     0     0     0     0     0
   0     0     0     0    18    32     0     0     3     0     0     0     0     0     0     0
   0     0     0     0    12     9     0     1     1    18    14     0     0     0     0     0
  10     0     0     0     0     0     0     0    19     6    10    14     0     0     0     0
  22     0     0     0     0     0     0     0     2    13    13     2    12     0     0     0
  23     6     0     0     0     0     0     0     0     2     3     0     7     0     0     7
  18    16     0     0     0     0     0     0     1     0     0     0     0     0     0     9
  13    20    11     0     0     0     0     0     0     0     0     0     0     0     0     0
  10    24    29     0     0     0     2     7    11     0     0    19     0     0     0     0
  21    33    31     0     0     0    15    19     4     9    40    19    24    11     0     0
  16     7     4     0     0     0     0    17     0     7    31    20    13     7     0     0
  22    21    20    22    18    15    14    11     5     9     0     0     0     0     0     0

# features.7_input [N=0, C=13]
   9    16    11    13     6     0     0     0     0     0     0     0     0     0     0     4
   0    23     0     0     0     0     1     0     0     0     0     0     0     0     0     0
   0     0     0     0     0     0     2     0     0     0     0     0     0     0     0     0
   0     3     0     0    10    14     0     0     6     0     0     0     0     0     0     0
   0    25     7     6    22    18     0     6    11    12    13     9     0     0     2     0
   0     0     1    19     1     7     0    15     4     0     7    13    13    13    15     0
   5     0     0     2     0     0     0     0     0     0     3     0     0     0    10     0
   4     0     0     0     0     0     0     0     3     0     1     0     0     0     4     0
   0     0     0     0     2    12     0     0     0     0     8     5     2     0     0     0
   0     0     0     0     0     0     0     0     0     0    14    24     0     0     0    11
   0     0    19     0     0     0     0     0     0     0     0     0     0     0    18    15
   0    21    22     0     0     0     0     0     0     0     0     0     0     0     0    17
   5    24    11    14     0     0     0     0    11    13     0     0     0     0     0     0
   4    22     6     4     0     0     0     0    19     8     3     0     0     0     0     0
   7    11     5    16     0     0     0    25    12     0     0     0     7     0     0     0
   5    13    12    20     0     0     0     8     0     0     0     8     7     0     9     0

# features.7_input [N=0, C=14]
  14     0     4     1     4     0     0     0     0     0     0     0     0     0     0     0
   0     0     0     0     6     0     7     1     3     3     5     1     3     7     0     0
   0     0     0    13     4     1     0     0     3     0     5     2     4     2     0     0
   0     0     1     7     4     0     0     0     0     0     0     0     1     7     4     0
  16     0     0     1     0     0     0     0     0     0     0     0     0     0     5     1
  13     0     0     0     0     0     0     0     0     0     0     0     0     0     0     0
   6     0     0     0     0     0     0     0     0     0     0     0     0     0     0     0
  20     0     0     0     0     0     0     0     5     4     8    13    13     0     0     0
  24     3     0     0     0    11     0     0     0    15    19    16    25    12     1     0
  16     9     0     0     0    17     1     0     0    10     7    13    23     0     0    10
  21    24    20     0     0     0     0     0     0     0     0     0    14     0     6    24
  26    19    18     0     0     0     4     0     0     0     0     0     0     0     0     0
  27    19    16     9     0     0    17     0     6    20     0     0     0     0     0     0
  18     9     6     9     0     0     0     0    14    10    16     0     0    21    13     0
  16     8    10    17     0     0     0     0     0     0     0     0     0     1     0     0
  17    12    10     3     0     0     0     0     0     1     0     6     8     9     7     0

# features.7_input [N=0, C=15]
   0    10     1     0     0     0     0     0     0     0     0     0     0     0     0     0
   0    16     2     1     0     0     2     0     0     0     0     0     0     0     0     0
   0     0     7     6     0     0     0     0     0     0     0     2     0     0     0     0
   0     0    10    17    12     0     0     0     0     0     0     0     0     0     0     2
   0    18     6     4    12    18     1     9    13     9    10     0     0     0     0    12
   0     0    12     0     0     0     0     9     0     0     5    11     0     8     6     2
   0     0     0     0     0     0     0     0     0     0     0     0     0     0     0     0
   0     0     0    20     0     4    22     4     4     0     0     0     0     0     0     0
   0     0     0     3     0     0     0     4     3     0     0     0     0     0     0     1
   0     0     0     0     0     0     0     0     0     0     0     0     0    10    22     0
   0     0     0     0     0     0     0     0     0     0     0     0     0     0    23     0
   0     0     0     0     0     0     0     0     0     0     0     0     0     0     0     0
   0     8     2     0    10     2     0     3     0     0     0     0     0     0     0     0
   0     0     0     0     0     0     0     8     0     0     0     0     0     0     0     0
   0     0     0     0    22     6     2    21     0     0     0     0     0     0     0     0
   0     0     0     0     1     0     0     0     0     0     1     9     6     7     0    10

# features.7_input [N=0, C=16]
   0     4    16     8    18     0     0     0    11     4     0     3     3     0     0     0
  21    20     0     0     0     0     8    10     0     0     7     0     3     0     0     0
   0     0     8     0     0    25     0     0     0     4     0    10     0    13     0     0
   0     0     2     3     8     0     0     4     8     0     9     0     0     0     0     0
   6     0     0     0     0     0     0     0     0     0     0     4    11     0     0     0
   7     0     0     0     0     0     0     4     0     0     0     0     0    15     0     0
   0    10     0     0    40     0    20     0     0    30    10     0     0     0     0     0
  15     0     0    15     0    19     0     0    18     3     3     3     6     0     0     0
   0     0    13     0     0    19     0     0     5     7     2     1     6     0     0     4
   0    27     1     0     0     0     0     5     0     6     0    10     6     0     0    10
   0    30    19     0     0     0    10     0     0     0     0     0     0     0     3     0
   9    17    16     0     0     0     0     0     0     8     0     0     0     0     0     0
   1    13    10    11     0     0     0     0    15    10     0     0     0    13     0     0
  25    25    11     6     0     0     0     0     0    20     0     0    24    29     1     0
  11     1     9     0    11     0     0    38    15     6     0    25    20    10     0     0
  13    19     9    25     2     0    50     6     0     0     0    12     0     0     0    11

# features.7_input [N=0, C=17]
   0     4     0     6     0     0     6     6     5     0     1     0     0     0     6    14
   0     0     0     0     0     1     5     0     0     0     0     0     0     0     0     0
   0     5     0     0     0     0     0     0     0     0     0     0     0     0     0     0
   0     0     0     0     0     0     5     9     0     2     0     0     0     0     0     0
   0     0     0     0     0     0     0     0     0     0     0     0     0     4     0     0
   0    12     0     0     0     2     0     0     0     1    11     0     0     0     0    10
   0     0     0     1     0     0     1     0     0     0    11    12     6     0     0     1
   0     0     0     0     0     0     0     0     0     0     2     4     5     0     0     3
   0     0     0     3     0     0     0     0     3     0     1    10    12     0     0     8
   0     3     0     0     5     7     5     6    14     6     0     0     0     0     0     4
   5    11     0     0     0     0     0    21    16    15    38    25     0     0     0     0
   3    14     0     0     0     3     0    13    12     0     0     0     0     0     0     0
   0    12     1     0     0     3     0     0     0     0     0     0     0     0     0     0
   0    14     7     0     0     0     0     9    16    13     0     0    12     0     0     0
   1    15     5     0     0     0     0     1     6     2     5    12     9     3     0     4
  12    15    11     0     0     0     7     7     0     0     8     5     0     0     0     4

# features.7_input [N=0, C=18]
   0     0     0     0     0     0     1     4     0     0     0     0     0     0     0     0
   0     0     0     0     6    13     5     0     7     7    18    15    17    14     1     0
   0     0     0     3     0     0     5     3     5     0     0     0     6     5     6     0
   0     0     0     0     0     0     8     6     8     0     0     6     5     3     2     0
   0     0     0     0     0     0     9    19     3     0     3     8     0     0     0     0
   1     0     0     0     0     0     0     0     0    23    14     0     0     0     0     0
   0     0     0     0     0     0     0     0     0    15     8    13    14     0     0     0
   0     0     0     0    17     0     0     0     0     4     0     0     7     0     0     0
   0     0     0     0     2    12     0     0     0     0     0     0     0     0     3     0
   0     8     5     0     0     0     0     0     0     0     0     0     0     0     0     0
   0     5    33     0     0     0     0     0     0     0     0     0     0     0     0     0
   0     5    34     3     1     0     0     0     3     0     0     0     0     0     0     0
   0     0     3     0     0     0     0     0    13    18     0     0     5     0     0     0
   0     0     2     2     6     0     0     0     1     0     0     0    12     4     0     0
   2     6     4    12     6     6     9     0     0     0     0     1     5     0     0     0
   1     2     0    11    23    17    17     5    11    12     9     1     0     0     5     9

# features.7_input [N=0, C=19]
   0     4    22     8     8     0     0     0     0     0     0     0     0     4     0     0
   8     0     3     0     0     0     0     0     0     8     0     0     0     0     2     0
   0     0     0     0     5     0     0     4     0     0     2     0     0     2     0     0
  28     0     0     1     0    27     0     0     4     4     1     0     0     0    11     0
   0    37     0     0     0    27     1     0     9     0     7     5     0     0     0     0
   0     0    19     1     0     0     8     0     0     0     0    16    21     0     0     0
  33     0     0    51    15     0     0     0    11     8     0     0    20    12    24     0
   3    34     0     0    32     0     0     0     0    15     5     0     0    45     0    28
   0     2     3     0     4    22    13     0     0     2     0     5     0    12    19     0
   0     0    56     0     0    29    33     0     0     0     0     8     0     0    26     3
   1     0    36    33     0    24    18     0     0     0     0     1    24     0     0    26
   4    10     2    57     0     0    38     0     0    23     0     0     0    18     0    36
   5    11     3    25     0     0     0    34     0     7    56     0     0    13     0     5
   4    15    10    11     0     0     0     0    22     9     5    16     0     0    22     0
   0     9     5     4     1     0     1     0     7     9     0     0     5     0    14     0
   7     6    12    19     0     0     0    17     0     0     0     0     0     0     2     0

# features.7_input [N=0, C=20]
  11     0     0     0     0     0     2    16     7     3     0     0     0     0     0     0
   0     0     2     7     0     0     0     0     4     5     0     8    20    11     0     0
   5     0    17    15     2     0     0    10    15     0     0     0     9     3     0     5
   0     0     0    13    13     6    14    21     9    10     6     9    13     2     0     1
   0     0     0    14    16     0     0     0     0     1     3    13    14     9     0     0
   5     0     0     0     0     0     0     0     0     0     0     0     0     0     0     4
   1     0     0     0     0     0     0     5     5     4     3    15     0     0     0     0
   5     0     0     0     0     0     0     0     0    12    15    17    11     0     0     0
   8     0     0     0     0     0     0     0     0    17    13     9    11     0     0     0
   2     0     0     0     0     0     0     0     0     9     4     0     3     0     0     0
   6     0     0     0     0     0     0     0     0    12     7     0     0     0     0     1
   4     0    14     0     0     0     0     0     0     0     0     0     0     0     0     0
   4     0     2     0     0     0     0     0     0     6     0     0     0     0     0     7
   0     0    14     8     4     0     0     0     0     0     0     0     3     0     0     0
   6     0    12     0     0     0     0     0     1     0     0     0    16    31    17    11
   4     0     6     0     0     6     0     1    12     0     0     0     2     2     0     0

# features.7_input [N=0, C=21]
   0     0     0     0     0     0     5     0     0     0     0     0     0     0     0    19
   0     0     0     0     0     4     0     0     0     0     0     0     0     0     0     0
   0    27    13     0     0     0     0     0     1     0     0     0     1     0     0    23
   5     0     0     0     0     0     0     0     0     2     0     0     8     0    11     0
   0     0     0     0     3     5     0     0    11     0     0     0     0     5     0     1
   0     0     0     0     0     0     0     0     0     0     0     0     0     0     0     0
   7     0     9     0     0     2     0     0     0     0     0     0     0     0     0     0
   0     0    36     0     0    18     0    10     0     0     0     0     0     0     0     0
   0     0     0     0     0     0     0     0     0     0     0     0     0     0     0     0
   0     0     0     0     0     0     0     0     0     0     3     0     0     6     0     0
   0     0     0     0     0     0     0     0     0     1    24     0     0    14     0     0
   0     0     0     0     0     0     0     0     0     0     0     0     0     0     0    11
   0     0     0     0     0     0     0     0     0     0     0     0     0     0     0     0
   0     0     1     0     0     0     1     3     1     0     0    27    12     3     0    13
   0     2     1     0     0     0    21     0     0     0    18    25     7     8    12    15
   0     0     0     0     0     9     0     0     0     0    31     1     2     5     9     7

# features.7_input [N=0, C=22]
   0     0     0     0     0     0     0     0     0     0     0     0     0     0     0     0
   0     0     0     0     0     0     0     0     0     0     0     8     1     6     2     0
   0     0     0     0     6     0     0     0     0     0     0     4     0     5     6     5
   0     0     5     5     0     1     0     0     0     2    12    13    15     3     0     0
   0     0     0     0     0     0     0     0     0     0     0     0     8    14     9     0
  16    22     3     0     0     0     0     0     0     0     0     0     0     0     9     5
  12     0     0     0     0     0     0     0     1     0    10    17    25    11    31     0
   0     0     0    10     2     0     0     0     0     2     3     4    14    29    16    21
   0     0     1    24    31     0     0     0     0     0     0     0     0     0     0    12
   0     0     8    37    46    26     7     0     0     0     0     0     0     0     0     0
   0     0     4    23    24    19     0     0     0     0    27    20     0     0     0     0
   0     0     0     3     0     6     0     0     0     6    32    36     3     0    24     7
   0     0     0     0     0     1     0     0     0    13    22     9    17    22    41    39
   0     0     0     0     0     0     0     0     0     0     0     0     3    11    17    29
   0     0     0     0     0     0     0     0     0     0     0     0    10     9     0     0
   1     0     6     0     0     0     0     0     0     0     0     0     0     0     0     0

# features.7_input [N=0, C=23]
   0     0     0     2    14    31    21     0     0     0     0     2     1     1    12     0
   0     0     0     0     0     2     4     0     0     0     0     0     0     0     2     0
   0     0     0     0     0     0     0     0     0     0     0     0     0     6     2     0
  20     1     0     0     3     5     0     1     0     0     0     0     0     0    15     0
   0     0     0     0     0     0     0     0     0     0    19     8     0     0     0     0
   0     0     0     0     0     0     0     0     0     0     0     0     0     0    26     0
   0     4     0     0     0     0     0     0     0     0     0     0     0     0     0     0
   0     0    36     0     0     0     0     0     0     0     0     0     0     0     0     0
   0     0     2     0     0     0     0     0     0     0     0     0     0     0     0     1
   0     0    10    23     0     0     0     0     0     0     0     0     0     0     0     0
   0     0     0    22    34     0     0     0     7     0     0     0     0     0     0     0
   0     0     0     0     0     0     0     0     6    10    35    24     0     0     0     0
   0     0     0     0     0     0     0     0     0     0     0    35    30     8     6     0
   0     0     0     0     0     0     0     0     0     0     0     6    12     9    23     0
   0     0     0     0     0     0     6     0     0     0    14     7     0     0    10     0
   0     0     0     0     0     0     0     0     0     0     5     0     0     0     0     0

# features.7_input [N=0, C=24]
   0     0    15     6     3     0     0     7     4     2     0     0     0     0     0     0
   0     0     0     0     0     0     0     0     0     0     0     0     0     0     0     0
   9     0     0     0     0     0     0     0     0     0     0     0     0     0     0     0
   0     0     0     0     0     0     0     0     0     0     0     0     0     0     0     0
   0     0     0     0     0     0     0     0     0     0     0     0     0     0     0     0
   1     0     0     0    13     1     0     0     0     0     0     0     0     0     0     0
   0     0     0     0     0     0     0     0     0     9     1     7     0     0     0     0
  24     1     0     0     0     0     0     0     0    11     0     2    10    11     0     0
  17     0     0     0     0     0     0     0     0     6     0     0     8    18     9     0
   0     0     0     0     0     7    12     1     0     0     0     0     0     0     0     0
   0     0     0     0     0     6    23     0     0     0     0     0     1     0     0     0
   0     0     0     0     0     0    15     0     0     0     0     0     0     0     0     0
   0     0     0     0     0     0     3     0     0     0     0     0    11    13     0     0
   0     0     0     0     1     0     0     0     0     0     0     0     0     0     4     0
   0     0     0     0    10     0     0     0     6     2     0     0     0     0     0     5
   0     0     6    22    11     0     0     0     8     0     0     0     0     0     0     0

# features.7_input [N=0, C=25]
   0     0     8     0     0     0     0     0     3     0     0     0     1     0     0     0
   0     0     7     0     5     0     0     0     0     0     0     5     7     0     0     0
   0    14     0     0     0     0     5     3     0     0     0     0     0     0     5     0
   0     0     2     0     0     0    11     0     0     7     5     4     0     0     1     0
   0     0     0     0     0     0     0     0     0     0     0     0     0     8     0     0
   0     0     0     0     0     0     0     0     0     0     0     0     0     0     0     0
   0     0     0     0     0    20     0     0     0     0     0     0     0     0     0     0
   0     6     0     0    24     0     0     0     0     1     0     0     0     0     0     0
   5     5     0     0     0     0     0     0     9     1     0     0     0     4     0     0
  19     0     0     0     0     0     0     0     0     4     0     0     4     7     0     0
  14     0     0     8     0     4     3     8     0     0     0     0    20     0     0     0
   1     0     0     0     0     1    22     0     0     0     0     0    15     0     0     0
   0     0     0     0     0     2    13     0     0     0     0    17    16     0     0     0
   0     0     0     0     0     6    13     0     0     0     4    36     0     0     0     0
   0     0     0     0     0    11     0     0     0     0    28     0     3    16     1     7
   0     0     0     0     0     6     0     0     0     0     0     0     0     0     0     0

# features.7_input [N=0, C=26]
   0     0     0     0     0     0     0     0     0     0     0     0     0     0     0     0
   0     0     0     0     0    11    23    20    18    23    12    19     8     6     0     0
   0     9     4     0     0     0     0     0     0     0     0     0     0     0     0     0
   0    13     0     0     0     0     0     0     0     2     0     0     2     4     0     0
   0     1     0     0     0     0     0     0     1     0     0     0     0     4     0     0
   0     3     0     0     0     0     0     0     0     0     0     0     0     0     0     0
   6     0     0     0     0     0     0     0     0     0     0     0     3     0     0     0
   0     0     0     0     0     2     0     0     0     0     2     0     1     0     0     0
   0     0     0     0     0     0     0     0     0     0     0     6     0     0     0     2
   0     0     0     0     0     0     0     0     0     0     0     0     0     0     1     0
   0     3     0     0     0     0     0     0     0     0     0     0     0     0     0     0
   0     4     0     0     0     0     0     2    28    18     0     0     0     0     0     0
   0     8     0     0     0     0     0     0     0     3     0     0     0     0     0     0
   0     3     0     0     0     0     0     0     0     0     0    16    27    21     2     0
   0     3     0     0     0     0     0     0     0     0     0     5     4     3     0     0
   0     0     0     0     0     0     0     0     0     0     0     0     0     0     0     0

# features.7_input [N=0, C=27]
   0     0    21    19     2     0     0     0     0     0     0     0     0     0     0     0
   0     0    10    20     9    12     0     2     0     0     0     0     0     0     0    10
   0     0     0     0     3     0     0     0     0     0     0     0     0     0     0     4
  24     4     0     0     0     0     0     1     0     0     0     0     0     0     0    12
  19    15     0     0     0     0     0     0     8     0     0     0     0     0     0     8
   0     0     0     0     0     0     0    15    14     3    10    12    12     0     0     0
   2     0     0     0     0     0     0     0     6     7     1     0     7     0     0     8
   0     0     0     0     0     8     0     6     0     4    14    12    11     0     0    15
   0     0     0     0    11     0     0     0     0     0     1     7     5     8     8    10
   0     0     0     4     8    11     0     0     0     0     5    15     4     0    17    24
   0     0     0    15    18     0     0     0     0     0     0     0     0     0     0     3
   5     0     0     0     7     0     0     0     0     0     0     0     0     0     0     0
   0     0     3     0     9    14     0    12     5     0     0     0     0     0     0     0
   6     0     0     0     0     7     0     2     8     0     0     0    14    12    11     9
  11    13    15     3    12     8    24     5     6     0     0    12    13    16     2    25
  18    11    10     0     0     0     1     6     1     6    34    26    31    31    18    32

# features.7_input [N=0, C=28]
  13     5     9     0     9    10     9    10     6    10     5     2     0     5     0     2
   0     0     0     0     0     0     0     3     4     2     0     0     0     0     0     9
   1     0     0     0     0     0     0     3     0     0     0     0     3     0     0     0
   5     0     0     6     0     0     2     3     0     0     5     0     0     0     0     0
   0     0     0     0     0     8     3     0     0     0     1     0     0     0     0     0
   0     0     6     0     0     0     0     0     0     0     0     0     0     0     0     0
   0     0     0     0     0     0     0     0     0     0     0     0     0     0     0     0
   0     0     0     0    21     0     0     0     0     0     0     0     0     0     0     0
   0     0     0     0    17     2     0     0     5     0     0     0     0     0     0     0
   0     0     0     0     0    19     0     0     0     0     0     0     0     0     0     0
   7     1     0     0     0    30     0     0     0     0     0     6    19     0     0    13
  15     1     0     0     0     4    19     0     0     0     0     0    18     6     0    14
  12     0     0     0     0     0    14     2     0     0     0     0    11    35     0     2
   2     0     0     0     0     0    14     0     4     0     0     0    10    22     7     0
   4     0     0     0     0     0     8     0     0     8     5     0     5     8     0     0
   0     0     0     0     0     0     0     0     0     0     0     0     0     0     0     0

# features.7_input [N=0, C=29]
   0     0     0     0     0     0     0     0     0     0     0     0     0     0     0     0
   0     0     0     0     0     0     0     0     0     0     0     0     0     0     0    11
   3     0     0     0     0     0     7     6     0     4     0     0     5     0     0    16
   0     0     0     4     0     0     0     0     0     3     0     0     5     4     0    16
   0     0     0     0     0     0     0     0     0     0     0     0     1     1     0    21
   0     0     0     0     0     0     0     0     0     0     0     0     0     0     0     9
   0     0     0     0     0     0     0     0     0     0     2     0     0     0     0     0
   0     0     0     0     0     0     0     0     0     0     0     0     0     0     0     1
   5     0     0     0     0     0     0     0     0     0     0     0     0     0     0     0
   7     0     0     0     0     0     0     5     3     0     0     0     0     0     0     4
  10     0     0     0     0     0     0     5     0     0     0     0     0     0     0    11
   8     0     3     0     0     0     0     0     0     0     0     0     0     0     0     5
   9     0     3     0     0     0     0     0     0     1     1     0     0    25     0    13
  12     3    16     0     0     0     0     0     3     0     0     1     0    16     0    18
  21     9     8     0     0     0     0     0     1     0     0     0    19     9     0    20
  19    12    17    15    29    10    18    28     3     0     0    15    19     8     0    27

# features.7_input [N=0, C=30]
   0    26     0     0     0     0     0     9    10     0     3     4     4     0     0    23
  24     0     0     0     0     0     8     1     0     0     2     8     0     0     0     0
   0     0     0     0     0     0     0     0     5     0     0     0     0     0     0     7
   0     0     7     0     0     0     0     0     0     0     0     0     0     0     0     2
  14     0     0     0     0     0     0    11    14     0     0     0     0     5     0     3
   0    20     0     0    39     2    11    14     0     7    15     3     0     0     0     2
  10     0     0     1     0     0     0     0     0     4     0     0     0     0     0     0
  15     0     0     5     0     1     0     6     7     5     1     0     2     0     0     0
   0     0     0     0     0     0     0    18     0     2     0     0     0     0     0     2
   0     0     0     0     0     0     1     0     0     4     0     0     0     0     0     0
   0     0     0     0     0     0     0     0     0     0     0     0     0     0     0     0
   0     0     9     0     8     0     0     0     0     0     0     0     0     0     0     0
   0    12    13     5     8     0     0     0     0    11     7     0     0     0     0     0
  14     0     2     0     5     0     0     2     7    14     0     0     1     2     0     9
   2     5     5     6    25     0     6     4     9     0     0     0     5     0     0    13
   9     7     6    21     0     2     4     0     2     0     6    10    13    12    15     5

# features.7_input [N=0, C=31]
  14     5    21     9    11     4     0     5     4     1     0     0     4    12     8     7
   0     0    17     0     0     0     0     0     0     0     0     0     0     0     0     2
   0     0     0     0     0     0     0     0     0     0     0     0     0     0     0     0
  10     0     0     0     0     0     0     1     0     0     0     0     0     0     0     0
  12     0     0     0     0     1     0     0     6     0     0     0     0     0     0     0
  20     0     4     0     0     3     0     0    18     0     0     0     0     0     0     0
   0     0     9     0     0     6     0    22    22     0    11     7     3     0     0     0
   0     0     0     4    19     0     0     7    10     7     3     2     6     9     0     0
   0     0     0     7    53     0     0     0    13    10     9     0     0     4     0     0
   3     0     0    12    45    14     0     0     0     7    25     4     0     0     0     0
   7     0     0     0    24    39     0     0     0    18    25    10    15     0     0    13
   8     0     0     0     0    15     0     0     0     0     1     0    16     0     0    32
   4     0     5     6     0    13     0     0     0     0     0     0     0     0     0    27
   8     0    11    13     0     8     1     0     0     0     0     0     0     0     0    13
  15     0     7     0     0    18     3     0     7     0     0     0     0     0     0     0
  12     3    11     0     0     4     0     0     1     0     0     0     0     0     0     7

# features.7_input [N=0, C=32]
   0     4     0     0     0     4    14     8     6     6     7     5     0     0     0    11
   0     0     0     0     0     0     0     0     0     1     4     3     0     0     0     3
   0     0     0     0     0     0     1     0     0     0     0     1     0     5     5     7
   0     0     0     0     0     0     1     0     3     0     1    10     3     4     5     7
   0     0     0     0     0     0     0     5     0     0     0     3     2     4     3     5
   0     0     0     0     0     0     0     0     0     0     0     0     0     0     0     4
   0     0     0     0     0     0     0     0     0     0     0     0     0     0     0     0
   0     0     0     0     0     0     0     0     0     0     0     0     0     0     0     0
   0     0     0     0     0     0     0     0     0     0     0     0     0     0     0     0
   0     0     0     0     0     0     0     0     0     0     0     0     0     0     0     0
   0     2     2     0     0     0     0     1     0     0     0     0     0     0     0     0
   0    11     5     1     0     0     0     1    16     7     0     0     0     0     0     0
   0    12     5    10     0     0     0     0     9     2     0     0     0    20    19    13
   2    14    13    13     0     0     0     6     5     0     0    12    16    27    28    19
   8    13    11     8     0     0     0     2     0     0     0    13    16    14    15    11
  12    15    16    17     2     0     0     8     0     0     0     5     6     6     8     5

# features.7_input [N=0, C=33]
  23     6     6    22    18     0     0     0     0     0     0     0     0     0     3     0
  27     8     5     9     2     0     0     0     0     0     0     0     0     0     0     0
   5     0     0     6     7    11     4     0     4     2     0     0     0     0     1     0
   0     0     0     0     0     0     0     0     0     0     0     0     0     0     0     0
   0     0     0     0     0     0     0     0     0     0     0     0     0     0     0     0
   9     0     0     0     0     0     0     0     0     0     0     0     0     0     0     0
  32    14     0     0     0    17     0     0     0     0     0     0     0     0     0     0
  27    23     0     0     0     0    11     0     0     0     4     0     0     0     0     0
  32    13     2     0     0     0     0     9     0     0     0    10    12     1     4    22
  28    15    11     0     0     0     0    26    19     2     0     0     0     0     0     1
  27    11    11     7     0     0     0    11     2     0     0     0     0     0     0     0
  22     8     1     2    11     0     0    11     5    11     0     0     0     0     0     0
  23    15    16    10    24     0     0     0     7     9    17     3     0     6     2     0
  29    15    16    12    34    14     0     5    11    30     6     7     0     0     0     0
  25    16    15    29    45    30    28    18    25    13     0     0     0     0     0     0
  23    16    17    24    33    28    24    16    31    13     0     0     0     0     0     4

# features.7_input [N=0, C=34]
   0     0     0     0     0     0     0     0     0     0     0     0     0     0     0     7
   0     0    28    33    25     0     0     1    16    11     0     0    13    14     0     8
   0    24    10    12     5     0     6    16     5     5     6     0     0     0     0     6
   0     0     0     0     0     8     0     0     0    12     0    14    15     7     0     0
   2     0     0     0     0     0     0     0     0     0     0     0     0     0     0     0
   0    23    25     0     0     0     0     0     0     0     1     9     0     0     0    19
   0     0     0     0     0     0     0    16    13     0     0    25    35    28     0     0
  14     0     0     0     9     0     0     0     0     2     4     0     3     0     8    43
  14     0     0     0     2    19     0     0     0     1     4     0     0     0     0     0
   9     2     0     0    18    38     0     0     0     0    12     1     0     1     4     8
  13     8     0     0     0     0     0     4     0     0    20    26     0     0     0    18
   8     0    11     0     0     0     3     0     0     0     0     0     0    11    26    46
   0     0     0     0     0     0    14     9    13    15     0     0     0     0     0    47
   0     1    11     0     0     0     0     7     5     0     8    16     0     0     0    12
   6    12     5     0     0     0     0     0     0     0     0     1    10     6     0    15
   7    13    17     0     8     0     4    23    14     0     0     0     0     0     0     0

# features.7_input [N=0, C=35]
   8     6     0    11    19    11    12     0     0     0     4     1     0     7     2     0
  21     0     0    15    13    14     0     0     6     7     1     3     0     4    11     0
   8    13    14     3    16     9     4     0     9    11     0    16     0     8     0     0
   8     3     3     0    12     6     1     7     2     3     4    17    10     2     0     0
  16     0     0     7     9     0     0     5     0     0     0     4     4     0     0     0
  11     0     0     1     0     0     0     0     0     0     0     0     6    16    13     0
  20     1     0     4     0     0     0     0     0     0     3     8    10    10    29     0
  33     1     0     0     0     7     0     0     0     0     7     8    12    20    22     0
  22    24     0     0     0     0     7     0     0     0     5     3     0    12     6     1
  19    28     2     0     0     0     1     0     0     0     0     0     0    26    12     0
  18    16    11     0     0     0     0    11    11     0     0     0     0    12    12     0
  15    14    11     0     0     0     0    17    24     0     0     0     0    13    10     2
  10     8     3     7     0     0     0    18    18     8     0     0     0     0     0     0
  14     9    10    13     0     0     0    17     0     9     1     0     0     0     0     0
  13     8    12    16     0     0     0     0     2     9     0     4     0     0     0     0
  16    15    12    19     0     0     1     0    16    12     0     0     0     0     5     0

# features.7_input [N=0, C=36]
   2     9     0     0     4     4     5     0     0     3    12    13     7    10     6    11
  18    12     0     0     0     0     0     0     0     0     0     0     0     0     4    10
   0     0     0     0     0     9     0     0     0     0     0     0     0     0     0     0
   0     0     0     0     0     1     0     0     0     0     0     0     0     0     0     1
   0     0     0     0     0     0     0     0     0     0     0     0     0     0     0     0
   0     0     0     0     0     0     0     5     0     0     0     0     0     0     0     0
   0     0     0     0    11    13     9     0     0     3     0     0     0     0     0     0
   0     0     0     0     0     0     0     5     5     0     1     0     0     0     0     0
   0     0     0     0     0     0     0    11     1     1     2     0     0     0     0    14
   0     0     0     0     0     0     0    18    20     9    11     0     0     0     0    21
   0     0     0     0     0     0     0     6    13     0     0     0     0     0     0    17
   0     0     0     0     0     0     0     0     0     0     0     0     0     0     0    13
   0     0     0     0     0     0     0     0     3     0     0    12     0     0     0     0
   3     6     4     0     0     0     0     0     0     0     0     3     9    12     0     0
   6     3     2     4     4     0     0    17     0     1     0     0     1     0     0     0
   6     7     5    10     0     0     3     4     0     0     0    11    10     7     0     1

# features.7_input [N=0, C=37]
   0    12     0     2     0     0     3     5     4     0     1     0     1     0     0    21
   8     0     0     1     0    25    11     0     0     0     0     0     0     0     0     0
   0     0     4     4    19    11     0     0     0     0     0     0     0     0     0    10
   0     1     0     0     7     8     1     5     3     2     0     0     1     0     0     0
   1     0     0     0    14    12     0     0     9     0     0     2     0     0     0     0
   0     0     0     3    35     0     0     0     0     0     0     0     0     0     3     5
  14     0     0    21     0     0     3     0    15    14     0     0     0     0     0     0
   0     0    33     0     0    31     2    32    15     0     4    10     7     0     0     0
   0     3    15     0     0     5     4    20     0     3     1    19     0     0     0    19
   0    33    15     0     0     0     2     0     0     0     0    14     0     0    22    18
  13    23    11     0     0     9     0     0     0    10    24     0     0     0     0     0
  16     8    10     1    15     0     0     0    15    28    28     0     0     1     0     0
  15    11     7     2     6     0     0     1    12     8     0     0     0    29    13     7
  20     1     5     0     9     0     0    19     9    11     0     0    13     4     0    10
   5     1     7     6     5     0    30    19    11     0     0    16     2     0     0     1
  12     9     8     9     0     3    23     4     0     0    19     0     0     0     0     0

# features.7_input [N=0, C=38]
   0     0     5     0     0     0     0     0     0     0     8     8     0     4     3     0
  11    18     0    10     0     0     0     0     0     0     5     4     4     8    20     0
   0     0     8    15     9     5     3     0     0     0     0     0     2     2     5     0
   0     0     0     1     0     0     0     0     0     0     0     0     0     3     0     0
   0     0     0     0     0     0     0     0     0     0     0     0     0     0     0     0
   0     0     0     0     0     0     0     0     0     0     0     0     0     0     0     0
   0     0     0     0     0     0     0     0     0     0     0     0     0     0     0     0
   0     0     0     0     0     0     3     4     0     0     0     0     0     0     0     0
   0     0     0    17     0     0     0     0     0     0     0     0    14     3     0     0
   0     0     0    15     8     0     0    11     1     1     2     0     0     5     0     0
   0     1     0    11    22     0     0     0     5     0     3     0     0     0    11     0
   0     4     0     0     6     0     0     0     0     9    19    28     0     0     0     0
   0     0     4     0     0     0     0     0     0     0     0    23     9    11    18     2
   0     0     0     0     0     0     0     0     0     0     0     0     7    11     9     0
   0     0     0     0     8     0     0     0     0     0     0     0     0     0     0     0
   0     0     0     0     1     3     0     0     0     0     0     0     0     0     0     0

# features.7_input [N=0, C=39]
   3     0     0     4     2     4    18     8     8    12    13    14    12    15    35     3
   0     0     0     0     0     0     0     0     0     0     0     0     0     0     0     0
   0     0     0     0     0     0     0     0     0     0     0     0     0     0     1     0
   0     0     0     0     0     0     0     0     0     0     0     0     0     0     0     0
   0     0     0     0     0     0     0     1     0     0     0     0     0     0     0     0
   0     0     0     0     0     0     0     0     0     0     0     0     0     0     0     0
   0     0     0     0     0     0     0     0     0     0     0     0     0     0     0     0
   0     0     0     0     0     0     0     0     0     0     0     0     0     0     0     0
   0     0     2    21     0     0     0     0     0     0     0     0     0     0     0     0
   0     0     0    30     0     0     0     0     0     0     0     0     0     0     0     0
   0     0     0     8    27     0     0     0     3    13     9     0     0     0     0     0
   0     0     0     0     6     0     0     0     6     0    10     0     0     0     0     0
   0     0     0     0    11     0     0     0     0     0     0     0     0     0     0     0
   0     0     0     0     3     0     0     0     0     0     0     0     0     0     0     0
   0     0     0     0     0     0     0     0     0     0     0     0     0     4    13     0
   0     0     0     0     0     0     0     0     0     0     0    11    16    17    12    12

# features.7_input [N=0, C=40]
   0     0     4     0    15     0     0     0     0     0     0     0     0     0     0     0
  11     0     0     0     0     0     0     0     0     0     0     0     0     0     7     0
   0     0     0     0     0     0     0     4     0     0     0     0     0     0     0     0
   0     0     0     1     0     0     0     0     0     0     0     0     0     0     2     0
   0     1     0     0     0     6     0     0     0     0     0     0     0     0     4     0
   1     0     0     0     0     0     0     0     0     0     0     0     0     0     0     0
  10     8     0     0     8     0     6     0     0     0     5     0     0     0     0     2
   2     0     0     0     0     0     3     0     4     0     0     0     0    12     9     0
   0     0    11     0     0     5     0     0     3     0     0     0     0     0     0     0
   0     0     4     0     0     2     8     0     0     0     0     0     0     0     0     0
   0     0     0    23     0     1    20     0     0     0     0     0     0     0     0     0
   0     0     0    22     0     0     0     0     0     0    18     0     0     0     0     0
   0     0     0     0     0     0     0     0     0     1    27     0     0     4    21     0
   0     3     0     0     0     2     0     0     5    29     1     0     0    12    28     0
   0     5     0     0     0     0     0    11     4    20     0     0     6     0     0     0
   0     2     0     0     0     0    10    19     3     0     0     2     0     0     0     0

# features.7_input [N=0, C=41]
   0     0     1     9     0     0     0     0     0     0     0     0     0     0     0     0
   0     0     8    12     0     0     0     0     0     0     0     0     0     0     0     0
   0     0     0     0     0     0     4     4     0     0     0     0     0     0     0     0
   0     0     0     0    12     0     0     7     0     0     0     0     0     0     0     0
   0     0     0     0     0     0     0     0     0     0     0     0     0     0     0     0
   0     0     5     0     0     0     0     0     0     0     0     0     0     0     0     0
   0     0     0    12     0     0    21    20    14     8     5    19     8     0     0     0
  10     0     0     0     0     0     0     6     6    15    12    14    20     0     0     0
   0     8     0     0     1     0     0     0     3    22    19    17    11    14     0     0
   0    19     0     0    17     0     0     0     3    16    34    27     0    16     9     0
   0     9     4     0     0     0     0     0     8     0     0    16     0     0    12     7
   5     9    17     0     0     0     0     0     0     0     0     0     0     0     0    18
   1     1    10     0     0     0     0    12     0    10     0     0     0     0     0     0
   4     3    15     7     0     0     0    12     3     1     0    22    13    22     1     0
  14    11    12     0     0     0     0     0    21     3     3     9     4    14     0     0
  11     6    11     6     0     0     0     0     4     0     0     0     0     0     0     0

# features.7_input [N=0, C=42]
   0     0    11    13     4     0     0     0     2     0     0     0     1     4     0     0
   0     0    15    12     0     0     0     1     3     0     0     0     0     0     0     0
   0     0     0     0     0     0     0    14    15     0     9     0     0     0     0     0
   0     0     0     0     0     0     0     4     0     0     5     0     0     0     0     0
   0     2     7     2     0     0     0     0     5     0     2     0     0     6     0     0
   0    16    10     0     0     0     6     3     0     0     9    17    14    16     0     0
   0     0     0     0     0     0     0     0     0     0     0     7    18    20     3     0
   0     0     0     0     0     0     0     0     0     7     9     0     0     0     0     0
   0     0     0     0     0     5     0     0     0    10     0     4     5     0     0     0
   0     0     0     0     0    11     1     0     0    16     0    13    11     0     0     0
   0     0     0     0     0     0     0     0     0     0     0     0     0     0     0    13
   0     1     5     0     0     0     0     0     0     0     0     0     0     0     0     0
   0     2    10     0     0     0     0     0     0    11     0     0     0     0     0     0
   0     0     9     0     0     0     0     0     7    10     0     0     0     0     0     0
   0     9    10     0     0     0     0     0    12     0     0     0     5    10     0     0
   0     3     5     0     0     0     0    11     1     0     0     4     8     2     0     0

# features.7_input [N=0, C=43]
   0     0     0     0     0    10    20    20    11    12     7     0     0     0     0     0
   0     0     0     0     0    18    11     0     6     7    13     7     0     0     0     0
   0     0     0     0     0     0     0     0     0     0     0     0     0     0    14     0
   1     1     0     0     0     0     4     0     6     0     0     0     0     0    13     0
   0     0     0     0     0     0     1     0     0     0     0     0     0     0    11     0
   0     0     0     0     0     0     0     0     0     0     0     0     0     0     4     0
   0     0     0     0     0     0     0     0     0     0     0     0     0     0     0     0
   0    12    10     0     0    11     5     0     0     2     3     7     0     0     0     0
   2    23    17     0     0     0    15     0     0     0     0     5     0     0     0     0
  15    28    37     0     0     0     0     0     0     0     0     0     0     0     0     0
  22    30    22     0     0     0     2     1     4     7     0     0     0     0     0     0
  16    22    10    25     0     0     7    25    32    32     0     0     0     0     0     0
  13     7     0     6     0     0     0     4     6     3     0     0    25    43    13     0
   0     0     1    24     1     0     8     5     0     0     0    20    40    43    39     0
   8     2     5    20     0     0     0     0     0     0     0    14     5     2    24     0
   8     3     5    13     5     6    11     0     0     0     0     0     0     0     0     0

# features.7_input [N=0, C=44]
   9     6     6     0    14     7     0     0     0     0     0     0     0     0     0     0
  15     0     0     0    15     7     0     0     0     0     0     0     0     0     0     0
   0     0     2     0     0     0     0     0     0     0     0     0     0     0     0     0
  21     0     0     0     0     0     0     0     0     0     0     0     0     0     0     0
   9     4     0     0     0     0     0     0     2     0     0     0     0     0    11     0
   0     0    19     0     0     0    12     5     0     2    12     5     0     0     0     0
   0    11    21     0     0     0     0     0     0     0     0     0     0    24    31     0
   0    17    31     0     0     0    22     7     0     0     0     2     0     6     0     0
   1     0    27     0     0     0     7     0     0     0     0     0     0    11    21     0
   7     0    15    15     0     0    16     0     0     0     0     0     0     9     2     0
  10     0     0    35     0     0     0     0     0     1     6     0     0    15     0     0
   6     0     0    22     0     0     0    26     7     8     0     0     0     5     0     0
   7     5     1    17     0     0     0     8     0     0    12     0     0     0     2     0
   7     0     0     2     0     0     0     8     1     0     0     0     0     0    15     0
   0     2     9    22     7     0     1     0     0     0     0     0     0     0     0     0
   6     2     5    10     0     0     0     0     3    11     0     0     0    10    14     0

# features.7_input [N=0, C=45]
   0     6     7     8     0     0     0     0     0     0     0     0     0     0     0     0
   0    21     6    12     7     9    16     7     7     0     4     0     0     0     0    10
   0     3     1    16     0     0     0     0     0     0     0     0     0     0     0     6
   0    17     4     0     5     2    12     5     0     0     0     0     0     0     0     7
   0     1    10     1     9     0    26    11     0    11     0     0    15     6     0    11
   0     0     0     0     9     1     3     2     0     0     0     0     0     9     0    17
   0     0     0     0    18    22     1    12     0    10     0     0     0     0     0    36
   0     0     0    12     0    28    16    20     7     6     3     4     0     0     0    12
   0     0     0     0     0     0     1    25     6     0     0     5     0     0     0    31
   0     0     0     0     0     0     0     7     0     0     0     0     0     0     6    19
   0     6     0     0    18     0     0    20    10     0     0     0     0     0     5     7
   0     9     0     0    28     0     0    25    34    15    17     0     0     0     0     0
   0     2     0     0    12     0     0     5     7     0     0     2     0     0     0     0
   0     0     0     0    26     0    14     4     2     0     0     0     0     0     0     0
   0     3     3     0     7     0     0    21     8     0     0     0     0     0     0     1
   0     1     0     0     2     0     7     4     0     0     0     0     0     0     0     0

# features.7_input [N=0, C=46]
   9     0     0     0     0     0     0     0     0     0     0     0     0     0     9    12
   0     0     0     0     0     0     0     0     0     0     0     0     0     0    17    19
   0     0     0     0     0     0     0     0     0     0     0     0     0     0     5    17
   0     0     0     0     0     0     0     0     0     0     0     0     0     0    17    20
   0     0     0     0     0     0     0     1     4     0     0     0     0     0    22    14
   0     0     0     0    14     0     0     0     0     0     0     0     0     0     2    17
   0     0     0     0     0     0     0     4     3     0     0     0     0     0     0     0
   0     0     4     0     0     0    14    31     0     0     0     0     0     0     0     0
   0     0     8    28     0     0    16    28     0     2     1     2     0     0     0     0
   0     0    13    36     0     0     0     0     0     4    13     0     0     0     0     2
   0     0     0    34    31     0     0     0     0    18    44     7     0     0     0     0
   0     0     0    25    32     0     0     0     0    13    17     0     0     0     0     8
   0     0     0    22    28     0     0     0     0     0     0     0     0     0     0     5
   0     0     4    17    23     0     0     0     0     0     0     0     0     4    17     2
   0     0     4    23    14     0     0     0     0     0     0     0     0     0    22    20
   2     0     6     1     0     0     0     2     0     0     0     0     0     1    25    10

# features.7_input [N=0, C=47]
   0     4     0     7     0     0     0     0     0     0     0     0     0     0     0     0
   0     0     0     0     0    22    20     3    13     7     0     0     0     0     0     0
   0     0     7     0     3     0     0     0     0     0     0     0     0     0     0    20
   0     0     0     0    17     0     0    15     3     6     0     0     0     5     0    17
  17     1     0     0    17     9     0     0    19     8     0     0     0     2     6    16
   5     0     2     0     0     0     0     0     0     0     0     0     0     8     0     0
  10     0     0    16     0     0     0     0     0     0     0     0     0     0    23     0
   0     0     0     7     0     0     0    26     1     0     8     2    16     5     0     0
   0     0     7     0     0     0     0    12     0     0     6    16     0     6     0     0
   0     9    16     0    21     1     0     0     0     0    24    33     0     4     8     4
   0    19    27     2     0    10     0     0     0     0     4    28     0     0    14     3
  15     5    17    16     0     0     0     0     0    19     0     0     0     0     0     1
  10     0     9    14     9     0     0    12     7    18     0     0     0     3     0     0
  18     5     8     3     6     0     0    16    22     9     0     0     3    24    18     0
  11     4    14     0     0     0     0    10    14     0     0     4     8     6    18     3
  13    14    15     0     0     0    33     5     0     0     6    14     3     5     6     5

# features.7_input [N=0, C=48]
  15     7    12    25    19    14     0     0     0     0     0     5     6     9     0     0
   0     0     2     2     0     0     0     0     0     0     0     0     0     0     0     0
   0     0     6     7    13     0     2     2     0     4     0     2     8     7     0     0
   0     0     0     8    27     0     0     8     0     0     0     3     3     4     3     0
   0     0     0     9     3     0     0     0     0     0     0     0     0     0    13     0
  12     0     0     0     0     0     0     0     0     0     0     0     0     0     8     0
  15     0     0     0     0     0     0     0     0     0     0     0     0     0     0     0
  27     0     0     0     0     0     0     0     9     9    11    15    26     2    10     0
  16    24     0     0    23     0     0     0    12    23    19    21    26    31     0     0
   9    15     4     0    24    11     9     0    25    25    22    26     9    16     0     0
  11     9    31     0     0    27    20     0    18    11     1    20    10     0    19     7
  19     9    15     0     0    10    12     0     0     0     0     9    28     0     7    21
  14     1     4    12     0    13    29     0     0    15     0     0     0     0     0    14
   9     8    10    21     0     3    12     2     0    20    17     0     0     0     0     0
  13     7     7    15     0     0     0     0    20    14     0     0     4     3     0     0
  15    16    11    11     0     0     0     0    11     0     0     0     0     0     0     0

# features.7_input [N=0, C=49]
   0     0     0     0     0     0     0     1     0     0     0     0     0     0     0     0
   0     0     1     8     8     0     0     0     0     0     0     0     0     0    13     0
   0     0     0     0     7     0     3     8     8     2     0     0     0     0    16     0
   0     0     0     0     0     0     0     0     0     2     0     0     0     0    13     0
   0     0     0     0     0     0     0     0     0     0     0     0     0     0     9     0
   0     0     0     0     0     0     0     0     0     0     0     0     0     0     0     0
   5     0     0     0     0    12     2     0     0     0     0     1     8     0     0     0
  10    16     0     0     2     0     0     0     0     0     1     0     0     0     0     0
   9    25     0     0     0     0     0     0     0     0     0     0     0     8     0     0
  11     2     0     0     0     0     0     0     0     2     0     0     0     0     0     0
   3     0    13     0     0     0     0     2    18    17     0     0     0     0     0     0
   0     0    10    20     0     0     0     0     0     4     0     0    23     0     0     0
   0     0     0    11     0     0     0     0     0    10     0     8    34    12    11     0
   0     0     2    18     0     0     0     0     0     0     0     3     2     2    13     0
   0     0     0     9     0     0     0     0     5     4     6     0     0     2    10     0
   0     0     2    15    18    34     3     5     9     7     0     0     0     0     3     0

# features.7_input [N=0, C=50]
   7     0     0     0     0     0     0     0     0     0     0     0     0     0     0     0
   0     0     0     0     0     0     0     0     0     0     0     0     0     0     0     0
   0     0     0     0     0     3     0     6     5     0     9     0     0     0     0     0
   0     0     0     0     0     0     0     8     3     0    10     0     0     0     0     0
   0     0     0     0     0     0     5     0     0     0     0     0     3     6     0     0
   0     0     0     0     0     0     0     0     0     0     0     0     0     0     0     0
   0     0     8     0     0    14     9     0     0     0     8    11     0     0     0     0
   0     0    16     0     0     0     0     0     0     9     5     4     2     0     2     0
   0     1    16     0     0     0    11    11     7    10     2     0     9     0     0     3
   1    23    11    10     0     0     0     0     9     0     0     0     0     0     0     0
  12    24     7     9    11     0     0    12     4     0     0     0     0     0     0     2
  22    16     9     0    16     5     0     5     0     2    15    11     0     0     0     0
  20    16    14    10     8     0    26     0     1     0     0     0     0     4     0     0
  13    12    15    15    21     1    15     7     0     0     0     0     5     2     0     0
  14    13     8    13     3     6    13     5    11     0     0     0     0     0     0     0
   8    11     8    10     0    11    16    14    12     0     0     0     0     0     0     0

# features.7_input [N=0, C=51]
   2     0     0     2     0     0     0     0     0     0     0     0     0     2     0     0
   1     0     0     0     0     2     9     2     5     5     2     3     0     7     6     0
   0     0    14     0     0     0     0     0     3     6     6    12    11    11     8     0
  16    14    10     8     6     2     4     1     0     0     5     6     4     4    13     0
   0    10    20    12    11    26     5     0     5    11    13    12     4     0    16     0
   6     0     1    30     0     0     0     0     0     0     0     6    25    20    11     0
  20     0     0     0     0     0     0     0     0     0     0     0     0     0    35    16
   0     0     0     0     0    19     6     1     1     0     0     0     0     0     0     0
   0     0     1     0     0    35    35     0     0     0     0     2     0     0     0     5
   0     0    19     0     0     0    22     0     0     0     0    11     0     0     0    15
   4     5    24    28     0     0     0     0     0     0     0     0    12     9    20    10
   8    12     4    23     0     0     3    17     8    25    14     0     0     0     0     0
   9    17     5    15     0     0     0     1    18    22    26     0     0     0     0     0
   7    14     0    12     0     0     0     0     8    16     0     0     0     0     0     1
   6    12    12    26     0     0     0     5     0     0     0     0     0     0     0     0
   8    11     8    14     0     0     0     5     8     0     3     9    11     9    26     3

# features.7_input [N=0, C=52]
   8     0     0     2     0     0     0     0     0     0     0     0     0     0     0     0
   0     0     0     0     0     0     0     0     0     0     0     0     0     0     0     0
   0     0     0     0     0     0     0     0     0     0     0     0     0     0     0     0
   0     9     1     2     9    22    21     0     0     0     0     0     0     0     0    10
   0     0    14    33    26    16    28    16    20    14    15    28    19     9     0    10
   0    16    27    24     0     0     0     3     0     1     0     0    15    28    20    31
   0     0    12     0     0     0     0     0     0     0     0     0     0    19     6    17
   0     0     0     0     0     0    14    18     0     9     9     9     0     0     0     0
   0     0     0    11     0     2    18    13     0     7    13    11     0     0     0     0
   0     0     0    17    16     0     0     0     0     2    22     5     7     0     0    14
   0     0     0     0    27     0     0     0     0     0     0     0     0    18     1    11
   2     5     2     0     8     0     0    10     1     0     0     0     0     0     0     0
   5     7     0     0     0     0     0     1    20    10     0     0     0     0     0     0
   0     1     2     0     0     0     0     0     3     0     0     0     0     0     0     0
   0     7    10     0     0     0     0     0     0     0     0     0    11    18    13    16
   0     0     0     0     0     0     0     0     0     0     0     0     0     0     0     0

# features.7_input [N=0, C=53]
   0     0     1     0     0     0     0     0     0     0     0     0     0     0     0     0
   0     5     0     0     0     0    11     0     0     0     0     5     0     0     0     9
   0     0     0     0     0     1     8     2     0     0     0     0     0     0     0    12
   0     0     0     0     0     0     0     0     0     0     0     0     0     0     0    16
   0     1     0     0     0     0     0     0     0     0     0     0     0     0     0    14
   0     0     0     0     0     0     0     0     0     0     0     0     0     0     0     1
   0     0     0     9     0     0     0     0     0     0     0     0     0     0     0     0
   0     0     0    19     0     0     0     2     9     9     0     0     0     0     0     0
   0     0    11     3     0     0     0    11    18     4     0     7     0     0     0     0
   0     0    11    12     2     0     0    16    10     0     0     3     0     0     0     3
   0     0     0     9     4     0     0     0     0     1     3     5     0     0     3     0
   0     6     0     0    18     0     0     0     0     5    22     0     0     0     0     0
   0    11     6     0    19     0     0     0     0     0     0     0     0     2    10     2
   0    11     4     1    13     0     0     0    12     0     0     0     3    14     7    12
   3    10     7     6     8     0     0    14     9     0     0     0     0     0     0    10
   2     6     4     8    12     0    12    12     0     0     0     1     0     0     0    11

# features.7_input [N=0, C=54]
   0     0     0     3     1     8    16     0     0     5    11     0     0     0     0    10
   7     0     7     0     0     0     0     0     0     0     0     0     0     5     7     0
   0     0     0     0     0     0     0     0     0     0     0     0     0     0     8     0
   0     0    13     0     0     0    14     0     0     0     0     0     2     0     0     4
   0     0     0     3     0     0     0     0     0     0     0     0     8     4    10     0
   0     1     0     0     0     0     0     0     0     0     0     0     0     0    13    32
   0     0    19     0     0    22    21     0     0     0     0     8     0     0     0     0
   2     0     0     0     0     0     1     2     0     0     0     0     1     0    21     0
   3     8     0     0     0     0     0     2     0     6     2     0     0     0     5    31
   8    19     0     0    16     0    13     0     0     3     0     0     0    35     0     0
  15    11     2     0     0     0    12    30    13     0    10     0     0    11     1     0
  11     6     5     0     0     0     0    11    22     0     0    41     2     0     0     0
   0     0     6     7     0     0    17     0     0     9     3     0    35     0     0    34
   0     0    10    11     0     0    10    15     0     0     0     7     7     0     0    20
   0     0     0     8     0     0     0     2     0     0     0    12     0     0     0     7
   0     1     0     0     0     0     0     0     0     0     0     0     0     0     0     0

# features.7_input [N=0, C=55]
   0     2     0     4     1     0     0     0     0     0     0     0     0     0     0     3
   9     4     0     4     0     0     0     0     0     3     0     0     5     2    15     7
   0     0     0     0     4     8    21    16    10    15     5     9     2     6     2     9
   0     0     1     0     3     0     0     6     0     0     0     0     4     6     3    10
  12     0     0     0     6     4     0     0     0     0     0     0     0     0     8    11
   1    20     9     0    20    20     5     5     4     0     0     0     0     0     0    10
   6     1     9     2     0     4    10     5    18    11    11    12     0     0    10     2
  23     0     1    32     0     0     0    10    20     8    11     6    13     0     9     0
  10     0     1    44    23     0     1    35    22    15     5     1    10    10     0     6
   1     8     0    23    37     0    10    21    27    17     3     0     0     0     0     0
   5     8    16     0    38     3     0     0     0     0     0     8     0     0    23     3
   7     3    19     2    16    31     0     0     0     0     0    25     0     0    13     1
   7     7    14    15     9    24    22     0     7    15     6     0     0     0     0     1
  13     8    16    15     6    27     0     7     3    21    27     0     2     0     0     0
  19    10    12    11    13     8     0     6    15    17     0     0     0     0     0     0
  14    14    16    19    14    11    21    13    20     5     0     0     0     0     0     0

# features.7_input [N=0, C=56]
   5     5    21     7    14     4     0     0     0     0     0     0     0     0     0     0
   0     5     0     3     1     0     0     0     0     0     0     0     6     0     0     0
   9     1     0     6     0     0     4     2     6     8     2     9     4     0     0     0
   5     1     4    12     3     0     5     0     6     9     6     9     0     0     0     3
  17    13    14     0     0    18    12     5    10    19     7    11     7    14     0    12
  15    14    14     0     0    22     1     2     2     6     4     2     7    18     0    23
   6     6     5     0    22    11     0     0     0    13    12    16    12    13     0    39
  16     4     0     0    19    13     0     0     6    11     9    11    15     7    34     0
  24     0     0    23     0    18     0     0    20    10     3     4    27    14    16     3
  14     0     0    15     0     3     0     8     7     1     0     0    22    18     0    11
   7     3     3     0     0     4    17     7     0     0     0     0     9    21     0    11
   8     6     9     0     0    27    27     9     0     0     0     0     0     0     0     0
  10    14    14     0     0    33    33     6    12     5     5     1     0     0     0     0
   8    17    11     0     4    35    30     0    12    12    19     0     0     0     0     0
  14    18    13     0     9    23     0     8     7    13     0     0     0     0     0     1
   9     7     5     0    10     0     0     3    14     9     0     0     0     0     0     1

# features.7_input [N=0, C=57]
  11     0     0    11     8     8     3     9     5     8     0     0     0     0     5     0
   0     0     0     0     0     0     0     0     0     0     0     0     0     0     0     0
   0     0     0     0     0     0     0     0     0     0     0     0     0     0     0     0
   0     0     0     0     0     0     0     0     0     4     0     0     0     0     0     0
   2     0     0     0     0     0     0     0     0     0     0     0     0     0     0     0
  25     0     0    15     0     0     0     0    12     0     0     8     7     0     0     0
  15     0     0     6     0     0     0     2     4     7    13    24    27     7     0     5
  14     2     0     0     0     0     0     0     0     0     9    12    20    23     7     4
  14     9     0     0     0     0     0     0     0     0    18    25     7     6     0     0
  10     5     3     0     0    12    13     2     0     0     8    29    11     0     0     0
  10     0     6     0     0     0    32    15     0     9     2     0     0     0     0     8
  16     0    10    11     0     0     0     0     0     0     0     0     0     0     0     5
  16     0     9    14     0     0     0     3     0    12     0     0     0     0     0     0
  17     0     8    22    12     0     0     0     1    10     3     0     0     0     0     0
  16     0     8    10     0     0     0     0     4     0     0     0     0     0     0     0
  13     0     7     7     0     0     0     0     0     0     0     0     8     7    10    11

# features.7_input [N=0, C=58]
   0     0     0     6     9     7     0     0     0     0     0     0     0     0     0     0
   0     0     0     0     0     9     5     0     0     0     0     0     0     0     0     0
   0     0     0     0     0     0     0     0     0     0     0     0     0     0     0     0
   2     0     0     0     0     0     0     0     0     0     0     0     0     0     0     0
   0     0     0     0     0     0     0     0     0     0     8    12     3     0     0     0
   0     0     0     0     0     0     0     0     0     0    12    14    21     4     0     0
   0     0     0     0     0     0     0     0     0     0     1     0    10     0     0     0
   1     0     0     0     0     6     0     0     0     0     0     0    10     5     0     0
  11     0     0     0     0    27     0     0     0     0     0     0     0     1     0     0
  16     8     0     0     0     4     0     0     0     0     0     0     0     0     0     0
  17    11     0     0     0     0     7     0     0     0     0     0     0     0     0     0
  12     8     0     0     0     0    26    25    14     0     0     0     0     0     0     0
   5     0     0     0     0     0    18     8     8     0     0     0    12     0     0     0
   4     3     0     0     0     0     4     0     0     5     2    11    17     9     0     0
   3     1     0     0     0     0     0     0     0    13    29    28    12     7     0     0
   4     5     3     0     0     0     5     0     0     6    21    11     6     0     0     0

# features.7_input [N=0, C=59]
  19     0     0     0    18    11     0     0     0     0     0     0     0     0     4     0
   4     0     0     0     0     0     0     0     0     0     3     0     5     3     8     3
  27     0     5     0     0     0     0     0     0     0     3     0     0     0    11     0
   0     0     0     0     0     5     7     4     7     0    10     0     0     0    15     0
   0     0     0     0     0     0     0     0     0     0     0     0     0     1     6     0
   3     0     0     0     0     0     0     0     0     0     0     0     0     0     0     0
   0    21     0     0     0     0     0     0     0     0     0     0     0     0     0     2
   0     0     0     0     0     3    16     0     0     0     0     0     0     0     0     0
   0     0     4     0     0     0    12     0     5     3     1     1     0     0     0     0
   7     0     3    12     0     0     1     0     0     9     0     0    19     0     0     7
   7     0     0    20     0     0    31    15     7    21    16     0    13     0     0     1
   9     1     0     6     0     0     4     3     0     0    10     0     0     0     0     1
   4     0     0     1     0     0     0     0     0     1     3     0     0     0    25     6
   2     8     4    17     0     0     8     0     5     8    16     0     0     4    19     0
   2     2     1     4     0     0     0     0     2    10     6     0     9    13    16     5
   1     2     1     3     0     0     0    11     0     0     0     0     0     0     0     0

# features.7_input [N=0, C=60]
   6     0     0     6     1    18     0     0     0     0     0     0     0     0     0     0
   0     1     1    14    31    36    19    12    22    23    27    30    24    21     2     7
  14     0     0    11    27    17    28     7     5     3     2    14    19    14     0     2
  31     0     6    13    34    18    16    21    15    14    11    12    12    11     0     9
  25    15     7    17    31     6    11    15     0    20     9     4     0     0     0    16
  18     0    11    23     0     0     0     4     0     6     0     0     0     0     1     0
  10     0     0    13     0     1     0     9     6     9     1     0     0     0     0     4
   1     6     0    33    41     0     0     0     0     0     0     0     0     0     0     6
   0    18     0    16    52     0     0     0     4     0     0     0     0     3     5     3
   8     4     0     0    43     9     0     0     0     0     0     1     0     5     8     7
   5     0    19     0    19    35     0     0     5     0     0    13     0     0     0     2
   3     5    16     0     0    16    16     1     2     0     0     6     2     0     0     0
   5     0     0     0     0     0    18    15    16     4     0     0     0     0     0     0
   6     4     1     1     0     8    18     4    14     0     0     5     0     0     0     0
  14     9     2     0     0    24     7     0     9     4     3     0     0     0     0     0
   5     0     0     7     9    20     0     0     3    30    14     5     4     2     3     0

# features.7_input [N=0, C=61]
   0     8    10    22     1     5     4     0     0     0     0    11     6     7     0     0
   0    34     0    11     4     0    15    18    13    10    12    19     5     5     0     0
   0     3     1     2     0     0    20     4     0     9     0     2     3     0     0     0
   0     9    21     2     0     0     3     7     0     9     0     4     2     9     0     0
   0    10    10     0     0     0     8     5     0     6     0     5     3     3     0     0
   0     0     0     0     0    11     0     0     0     0     0     0     0     0     0     0
   0     0     0     1     0    13     0     0     0     0     8     0     0     0     0     0
  12     0     0    31     0     0     0     0     0     0     0     0     0     0     0     0
   2     0     0     0     0     0     0     4     0     0     0     0     0     0     0    13
   0     1     0     0     6     0     0     5     1     0     0     0     0     0     0     6
   0     5     0     0    29     0     0     0     2     0     0     0     0     0     0     0
   0    13     6     0     0    21     0     5    22     0     0    27     0     0     0     0
   0    15    15     0     0     9     0     0    10     3     0    20     9     0     0    16
   0    24    14     0     0     7     0     6     7     8     2     0     7     8     0    12
   0     8     1     0     3    25     0    27    21     2     0     0     1     0     0     0
   7    19    11    17    22    11     5    16    16     6     0     0     0     0     0     3

# features.7_input [N=0, C=62]
   4     0     0     0     0     0     3    11     6     0     3     9     7     7     4     0
  14     0    11     1    18     4     3    10     5    17     0     0     0     4    17     0
   0     0     0     0     0     0     0     0     0     0     0     0     4     0     1     0
  13     0     0     0     0    17     0     0     0     2     0     0     6     1     8     0
   2     0     0     4    18    26     0     0     4     0     8     0     0     0     0     0
   0     0     0    25    13     0     0     0     0     0     0     0     0     0     0     0
  14     0     0    16     0     0     0     0     3     0     0     0     0     8     0     0
   7    18     0     0    20     0     0     0     0     0     0     0     0     0     0     0
   1     0     0     0     0     1     0     0     0     0     0     0     0     0     0     0
   0     0     0     0     0     5     0     0     0     0     6    18    16     0     7     0
   0     0     0     0     0     0     0     0     0     0     0    11    30     0     0     6
   0     0     0    10     0     0     3     0     0     0     0     0     5     3     0    25
   0     0     0     1     0     0     0     0     0     0    12     0     0     0     0     1
   0     0     0     0     0     2     0     0     0     0     0    13     0     0     6     0
   0     0     0     0     4     1     0     0     0    10     3     0     0     4     9     0
   0     0     0     0     0     0     0     0     0    12     0     0     0     0     0     0

# features.7_input [N=0, C=63]
   0     0     0     0     0     0     0     0     0     0     0     0     0     0     0     0
   0     0     0     0     0     0     0     0     0     0     0     0     0     0     0     0
   0     0     4     1     0     2     0     0     0     0     0     0     0     0     0     0
   0     9     1     3     0     9     2     3     6     0     0     6     0     0     0     0
   0     5    16    13     0     0     2     1     0     8     9    12    15     3     0     0
   2     0     0    38     0     0     0     0    16    10     0     0     0     2     0     0
   0     0     0     5     0     0     2     0    14    13    13     7     0     0     0    21
   0     0     0     2     0     9     5     0    13     8     9    23     0     0     0     0
   0     0     0     0    20    19     4     0     9    10    11    10     0     0     1     1
   0    14     0     0     6     9     0     0     0     0     4    12     0     0    16    19
   2    27     0     0     0     1     0     0     0     0     0     0     0     0    24    21
  11    33     7     0     0     0     0     0     0     0     0     0     0     0     0    18
  12    18     5     0     0     0     0    11    12     0     0     0     0     0     1     0
  11    25    20     7     0     0     0    14     4     0     0     0     0    10     0     1
  18    22    19     4     0     0     0    20     4     0     0    18    24    14     0     9
  14    17    15    12     1     2     9    23     3     0     0     5     1     0     0     3

