# shape: [1, 3, 32, 32]
# features.0_input [N=0, C=0]
 133   131   132   132   134   135   135   134   133   135   130   116   112   113   113   113   113   112   112   111   111   112   112   115   116   115   119   115   113   114   114   113
 134   130   133   142   148   145   138   136   135   134   121   112   111   111   112   113   115   117   115   116   114   114   122   126   123   124   126   125   120   118   125   121
 134   132   141   151   151   148   145   142   139   132   119   119   120   119   122   122   124   123   121   116   119   116   123   123   119   128   123   125   125   123   131   124
 132   138   145   145   144   143   142   143   142   131   121   123   125   134   131   131   125   127   128   120   121   117   118   123   123   128   124   120   126   130   128   117
 128   134   137   137   145   142   138   140   139   132   125   126   129   135   128   131   127   122   121   129   126   121   125   127   123   121   123   119   117   121   118   115
 120   123   125   131   143   142   137   138   136   135   130   126   132   129   132   130   126   128   129   132   126   122   125   125   124   117   119   119   117   114   116   116
 121   121   121   126   138   140   136   137   137   137   132   123   123   126   129   127   128   129   129   129   122   122   122   122   128   124   125   123   118   116   120   117
 127   128   127   126   135   138   136   138   139   138   135   125   121   122   125   131   129   124   121   130   125   119   123   119   119   125   123   122   119   116   122   120
 130   139   145   137   139   140   138   138   138   136   134   126   123   124   131   129   129   127   128   128   126   120   122   120   122   123   120   120   122   120   120   119
 141   143   151   145   143   140   138   139   137   135   139   134   126   125   128   128   135   134   137   135   126   121   119   120   122   123   120   119   122   123   123   118
 152   143   145   147   148   143   136   138   137   140   155   151   140   139   142   143   150   148   139   139   140   141   138   131   130   126   122   123   123   125   131   129
 153   144   135   143   152   150   142   139   140   149   160   155   149   150   157   157   156   155   146   147   155   157   157   155   152   143   135   135   132   124   125   132
 152   148   142   148   148   147   152   151   154   159   158   152   148   152   155   156   157   157   155   156   158   155   154   158   157   155   148   140   135   131   126   123
 153   152   153   154   135   130   151   157   161   160   150   144   146   153   148   149   158   159   159   159   160   158   154   158   158   157   157   148   141   146   142   120
 154   155   155   148   124   122   146   157   161   154   143   142   146   150   145   146   158   161   161   161   162   162   160   160   160   161   163   157   148   154   158   135
 157   157   154   140   124   120   139   155   161   153   144   149   149   147   145   151   161   162   162   163   164   164   161   161   163   164   164   160   146   146   155   143
 158   157   150   134   127   124   135   153   161   157   154   155   150   146   146   156   163   162   163   163   164   164   160   160   163   164   164   160   148   140   143   139
 158   153   141   131   128   125   129   150   161   163   162   158   152   148   146   156   161   161   162   161   162   161   160   162   163   163   162   158   148   140   144   142
 158   146   132   129   128   125   120   139   158   164   164   161   158   153   147   154   158   158   159   160   160   159   161   163   163   162   158   154   148   146   149   146
 152   136   129   127   127   127   121   123   146   162   164   161   159   157   153   154   154   154   158   160   157   158   162   163   162   158   150   149   152   152   153   149
 143   131   128   127   127   127   127   120   129   155   162   161   157   153   153   151   150   150   152   152   150   155   162   163   163   155   143   149   157   157   156   152
 135   129   128   128   128   128   128   127   121   145   160   162   155   144   138   137   139   135   134   134   130   143   160   162   164   156   140   145   157   158   158   156
 130   127   127   128   129   129   129   128   121   137   160   162   154   141   126   123   125   125   123   125   123   126   150   161   163   163   149   141   152   158   157   155
 128   127   127   128   128   128   129   129   123   133   160   161   153   146   131   125   125   129   129   128   128   122   132   150   157   153   145   136   138   151   151   152
 127   128   128   128   130   132   135   137   132   136   160   159   152   152   137   130   130   132   132   131   131   128   123   126   128   121   119   120   120   130   142   152
 127   128   131   134   137   140   140   142   139   141   162   159   152   150   140   137   135   135   134   134   134   131   130   122   115   114   115   115   115   117   124   138
 129   131   136   138   138   138   138   139   137   140   160   159   149   143   138   138   135   135   136   137   136   133   125   117   114   114   114   114   114   115   116   120
 133   137   138   137   135   135   135   136   134   136   157   160   145   133   135   140   138   139   142   140   138   129   117   114   114   114   114   114   114   114   115   115
 137   136   136   134   134   134   134   135   134   140   156   156   137   127   136   140   139   142   145   143   135   119   113   113   113   113   114   114   114   114   113   114
 137   136   136   137   138   138   136   137   141   149   157   148   137   138   142   143   144   143   142   141   129   114   113   113   113   113   114   113   114   114   112   114
 139   139   141   142   144   142   139   140   146   153   153   143   143   148   147   146   145   142   142   139   122   114   114   114   114   114   115   114   114   118   118   114
 145   144   145   145   144   143   143   140   143   148   147   147   149   148   147   148   146   147   146   128   116   114   114   115   115   115   115   114   115   130   129   116

# features.0_input [N=0, C=1]
 126   124   128   132   133   133   132   133   134   134   129   115   112   113   113   113   113   112   112   113   112   112   112   115   115   114   117   114   112   112   112   112
 126   123   129   141   146   141   135   134   134   132   119   111   111   111   112   112   114   116   115   116   114   113   121   125   120   120   123   122   116   113   121   118
 126   126   137   147   146   142   139   137   136   129   117   117   119   118   121   122   124   123   120   116   117   114   120   120   115   123   118   121   120   117   126   121
 127   133   139   136   134   132   131   133   135   128   119   121   123   133   130   130   124   126   128   119   119   114   114   119   119   123   119   116   121   123   123   114
 125   129   129   125   132   128   124   127   129   127   122   124   127   134   126   129   125   120   120   127   123   117   121   122   118   117   119   115   112   115   114   113
 118   119   118   120   130   128   123   124   123   126   124   123   130   127   130   128   125   126   128   131   124   119   123   122   120   112   115   115   114   111   112   113
 120   116   113   116   126   127   122   122   122   125   124   119   122   125   128   125   127   127   128   127   120   120   120   120   123   120   122   120   116   114   117   114
 125   122   118   115   123   126   123   125   124   123   123   119   120   122   123   129   127   122   119   129   122   117   121   117   114   120   120   119   117   114   118   117
 125   132   135   126   128   129   126   126   124   121   122   120   122   124   129   127   127   125   126   126   124   117   120   118   117   118   116   117   119   116   116   114
 132   135   143   137   133   129   126   127   124   123   130   129   124   124   126   126   134   132   136   134   124   119   117   118   117   119   116   116   119   119   117   113
 141   134   138   140   138   132   125   127   125   132   149   148   138   137   140   141   148   146   137   137   138   139   136   129   126   122   119   119   119   120   125   124
 143   136   128   134   139   138   133   130   131   144   157   154   148   148   153   154   155   152   143   145   153   155   155   153   149   140   132   128   124   118   119   127
 142   140   132   135   137   138   146   145   148   155   155   149   146   149   151   152   155   155   152   154   156   154   152   156   154   153   145   132   126   125   122   119
 142   141   140   141   128   126   147   154   158   156   145   138   140   148   142   145   156   157   156   157   158   156   153   156   155   155   154   142   134   141   139   119
 143   143   143   138   122   121   144   154   159   151   137   134   138   143   137   141   156   159   158   159   160   160   158   157   157   159   160   152   141   148   154   135
 143   145   145   135   125   121   137   153   160   150   136   138   138   138   135   145   158   160   160   161   162   162   160   158   160   162   162   156   140   138   150   143
 145   145   143   134   131   126   133   151   159   155   148   144   138   136   136   150   160   160   160   161   162   162   159   158   160   162   163   157   143   132   137   136
 147   145   138   134   134   129   130   147   158   161   159   151   143   138   136   150   160   158   157   159   160   159   159   160   161   161   161   157   145   133   135   134
 148   139   132   134   134   129   122   138   155   162   162   157   153   146   138   149   156   155   154   158   158   157   160   161   161   160   155   148   141   136   138   135
 143   133   132   134   133   131   123   123   145   159   161   159   158   155   148   150   152   151   154   158   155   156   160   161   161   156   144   139   141   141   140   137
 138   131   132   134   132   132   130   122   129   153   160   160   156   152   150   149   148   148   150   151   148   154   160   161   161   152   136   138   144   144   143   139
 133   132   133   133   133   133   132   130   123   144   158   160   152   142   137   136   137   134   132   132   128   141   158   160   161   152   132   135   145   146   147   145
 132   132   132   133   133   133   133   132   124   136   158   160   151   138   127   125   126   125   124   125   124   125   148   158   160   159   143   135   144   148   147   145
 133   132   133   133   132   131   132   132   126   132   158   159   151   145   134   128   128   132   132   132   131   123   129   146   155   151   143   134   135   144   143   142
 133   133   132   131   132   133   135   138   132   134   158   157   150   150   136   129   129   132   132   129   129   126   120   123   127   121   119   120   120   127   137   143
 133   132   132   134   136   138   138   140   137   138   159   156   149   146   135   132   130   130   129   128   128   127   127   120   117   117   118   118   117   117   122   133
 132   133   135   137   135   135   135   136   134   137   157   156   146   139   133   133   129   129   130   129   130   130   124   119   119   119   119   119   119   117   116   118
 133   137   137   135   133   133   133   134   131   132   153   156   140   129   132   136   135   135   138   136   136   129   120   118   119   119   119   119   118   117   117   116
 135   135   135   134   132   132   132   132   131   136   152   153   134   124   134   138   137   140   143   141   135   121   117   118   117   117   118   119   118   117   117   117
 135   134   135   135   135   135   134   134   136   145   153   145   135   136   139   140   140   140   139   139   129   116   117   117   117   117   118   117   117   117   118   117
 136   137   138   139   140   139   137   137   141   146   146   138   138   142   140   139   139   137   138   136   122   116   118   118   118   118   119   118   117   121   122   116
 141   140   139   139   138   139   140   138   138   140   138   138   140   139   138   138   139   140   141   127   118   118   118   119   119   119   119   119   119   131   128   117

# features.0_input [N=0, C=2]
 116   116   124   131   130   128   127   129   131   131   126   113   111   113   114   114   113   113   112   110   111   111   110   111   112   111   115   111   110   112   112   111
 117   116   124   137   140   134   128   128   130   130   118   110   110   111   112   113   115   117   115   115   114   112   117   118   115   115   117   115   111   110   117   115
 119   119   131   141   138   134   130   129   130   126   114   115   117   117   117   117   119   119   117   114   116   112   116   114   110   116   111   114   114   112   120   117
 120   126   132   128   125   122   121   125   128   122   113   116   119   129   124   124   118   120   121   115   116   111   111   114   114   118   114   111   115   117   117   110
 117   123   122   117   123   118   114   118   121   119   114   117   121   128   122   125   122   116   116   120   118   114   117   117   114   113   115   111   109   112   110   110
 113   114   113   115   122   119   113   114   113   115   116   117   125   123   126   125   121   122   123   124   119   116   118   116   115   109   111   111   110   110   110   110
 115   111   109   111   118   118   112   112   111   114   116   114   117   121   123   121   122   123   123   121   115   117   116   114   117   115   116   116   112   110   112   110
 121   117   113   109   114   116   113   114   113   113   115   114   115   117   119   125   123   118   114   123   118   114   117   112   110   115   115   114   112   110   111   110
 120   126   129   119   119   119   116   115   113   111   115   115   117   119   125   123   123   121   122   121   119   114   116   113   112   113   111   113   115   113   112   110
 126   129   137   131   124   119   116   116   113   112   122   124   120   120   122   122   129   128   131   128   119   116   113   112   112   113   111   112   115   114   113   110
 134   127   133   135   130   122   115   116   114   121   140   142   133   133   135   137   144   141   133   131   133   135   131   124   121   117   113   114   113   113   117   116
 135   129   122   129   134   133   127   123   123   137   152   149   141   141   148   150   150   148   139   140   149   151   151   149   145   135   125   120   117   111   113   120
 134   132   126   130   132   134   142   140   141   150   150   144   139   142   145   148   150   150   148   149   152   149   148   152   151   148   138   125   119   118   116   114
 132   132   133   135   122   122   144   151   153   151   140   131   133   141   136   139   151   152   152   153   154   152   148   152   152   151   149   135   127   134   133   114
 133   135   136   131   114   116   141   152   155   146   129   125   130   136   130   134   150   154   155   155   156   156   154   154   155   156   156   148   136   142   148   128
 136   138   138   128   115   113   133   150   156   145   128   127   129   132   128   136   152   155   157   157   157   158   155   154   158   159   159   153   137   134   144   134
 140   140   137   125   119   116   128   147   155   149   140   134   130   129   126   141   154   155   157   157   157   158   154   154   158   160   160   155   140   127   130   127
 142   138   129   122   120   118   122   143   155   157   153   144   136   130   125   142   155   155   153   154   156   155   154   156   159   159   158   154   140   126   128   126
 142   132   122   121   120   117   114   133   152   159   158   152   147   139   129   142   154   153   151   153   154   153   155   157   158   156   151   145   136   129   131   128
 138   125   120   121   120   120   114   117   140   157   159   155   152   149   141   146   151   150   152   154   151   152   156   157   157   151   139   134   135   134   134   130
 131   121   120   120   120   120   120   114   123   150   157   156   152   148   145   145   145   146   147   147   144   149   156   157   157   147   131   132   137   137   137   133
 125   121   120   120   121   121   121   120   114   138   154   155   148   138   132   131   133   130   129   129   125   137   154   156   160   149   128   129   138   139   140   138
 122   121   120   121   121   121   122   121   114   130   153   155   147   134   120   117   118   118   116   118   117   119   143   155   159   156   139   129   137   141   139   138
 120   119   120   120   121   120   121   121   115   127   154   155   147   140   125   118   117   120   120   120   120   113   123   144   153   149   140   132   131   137   135   135
 120   120   119   119   121   123   126   128   123   129   154   153   146   146   130   122   121   123   123   120   120   118   116   123   131   126   124   125   123   125   133   137
 120   120   121   124   128   130   131   133   130   134   154   151   144   142   131   128   126   126   125   123   122   123   125   122   123   124   125   125   124   121   123   131
 123   124   127   129   129   129   130   131   128   132   152   151   141   134   129   129   127   127   128   127   128   128   125   122   122   122   122   122   123   125   121   119
 128   132   132   131   129   128   128   129   126   127   148   150   135   123   126   131   131   133   136   135   134   128   122   122   122   122   122   122   122   123   123   121
 132   132   132   131   129   128   129   129   128   130   146   147   128   119   128   132   132   136   139   138   134   123   120   122   123   123   123   124   124   123   122   123
 132   132   132   132   132   133   133   132   133   138   146   140   130   132   134   135   135   135   134   134   129   122   122   122   123   124   124   124   124   122   120   123
 133   133   135   136   136   136   135   134   137   141   141   133   134   139   137   136   135   134   134   133   124   122   123   123   124   125   125   124   124   125   123   122
 137   135   135   135   133   135   137   133   132   135   134   134   137   136   135   136   137   138   139   126   120   123   125   125   125   125   125   125   124   133   129   122

