# shape: [1, 128, 8, 8]
# features.11_input [N=0, C=0]
   0     0     0     0     2     0     0     0
  22     0     0     0     0     0     0     0
  30    46    37     7    19     0    12     9
  38    60    85    51    12    21     8    33
   0     0    37    23     0     0     0     0
   0     0    17    14     0    24    17    15
   0     0     7     0     0     0     0     0
   0     0     0     0    20     0     0     0

# features.11_input [N=0, C=1]
   0     0     0     0     0     0     0     0
   0     0     0     0     0     0     0     0
  55     0     0     0     0     0     0     0
   3     0     0     0     0     0    13     0
   0    30     0     0     0     0     0     0
   0     0     0     0     0     0     0     0
   0     0     0     0     0     0     0     0
   0     0     0     0     0     0     0     0

# features.11_input [N=0, C=2]
   0     0     0     0     0     0     0     0
   0     0     0     0     0     0     0     0
   0     0     0     0     0     0     0     0
   0     0     0     0     0     0     0     0
   0     0     0     0     0     0     0     0
   0     0     0     0     0     0     0     0
   0     0     0     0     0     0     0     0
   0     0     0     0     0     0     0     9

# features.11_input [N=0, C=3]
   0     0     0     0     0     0     0     0
   0    28     0     0     0     0     0     0
   0     0     0     0     0     0     0     0
   0     0     0     0     0     0     0     0
   0     0     0     0     0     6    15     0
   0     0     0     0     0     0     0     0
   0     0     0     0     0     0     0     0
   0     0     0     0     0     0    14     0

# features.11_input [N=0, C=4]
   0     0     0     0     0     0     0     0
   0     0     0     6    11     0     0     0
   0     0     0     0     0     0     0     0
   0     0     0     0     0     0     0     0
   0     0     0     0     0     0     0     0
   0     0     0     0     0     0     0     1
   0     0     0     0     0     0     0     7
  13     0     0     0     0     0     0     0

# features.11_input [N=0, C=5]
   0     0     0     0     0     0     0     0
  10     0     0     0     0     0     0     0
   0     2     0    15     0     4    23     0
   0     0     0     0     0     0     6     0
   0     0    12     0    11     0     0     0
   0     0     0     0     0     0     0     0
   0     0     0     0     0     0     0     0
   0     0     0     0     0     0     0     0

# features.11_input [N=0, C=6]
   0     9    12    18     0     0     0     0
  20     0     0    43     0    11     0     5
   8     0    15    20     0     0    24    21
   4    32    72    53    16     0     0     0
   0    50   102    69    17    26     0     0
   0     0     0     0     2     0     0    52
   0     0     0     0     0     0     0     0
   0     0     0     0     0     0     0     0

# features.11_input [N=0, C=7]
  13     0     0     0     0     0     5     8
   0     0     0     0     0     0     0     9
  30     6     0     0     0     0     0    36
   3     0    10     0     0     0     0     2
   0     0     9     0    14     0     0     0
   0     0     0     0     0     0     0     0
   0     0     0     0     0     0     0     0
   0     0     0     0     0     0     0     0

# features.11_input [N=0, C=8]
   0     6     0     0     0     0     0     0
   8     0     0     0     0     0     0     1
   0     0     0     0     0     0     0     0
   0     0     0    15     0     0     0     0
  27    48     0     0    26    30     0     0
   0     0     0     0     0     0     0     0
   0     0     0     0    13     0     0     0
   0    26     0    16    72    16    31     0

# features.11_input [N=0, C=9]
   0     0     0     0     0     0     0     1
   0    20     0     0     0     0     0     0
   0     0     0     0     0     0     0     0
   0     0     9    44     0     0     0     0
   0     0     9     8    14    49     0     0
   0     0    11     0     0    20    19     0
   0     0     0     0     0     0    54    19
   0     0     0     0     0     0    26     0

# features.11_input [N=0, C=10]
   0     0     0     0     0     0     0     0
   0     4     0    15     0     0     0     0
   0    25     0     0     0     3     0     0
   0    37     0     0     0     0     0     0
  23     0    25     0     0     0     0     0
   0     8     0     0     0     0     0     3
   0    19     0     0     0    12     6     0
   0     0     0     0     0     0     0     0

# features.11_input [N=0, C=11]
   0    11     0     0     0     0     0     0
  10     0     0     0     0     0     0     0
   0     0     0     0     0     0     0     0
   0     0     0     0     6     0     0     0
   0     0     0     0     0     0     0     0
   0     0     0     0     0     0     0    22
   0     0     0     0     0     0     0    26
   0     0     0     0     0     0     0     0

# features.11_input [N=0, C=12]
   2     0     0     0     0     0     0     2
   0     0     0     0     0     0     0     0
   0     0     0     0     0     0     0     0
   0     0     0     0     0     0     0     0
   0     0     0     0     0     0     0     0
   0     0     0     0     0     0     0     0
   0     0     0     0     0     0     0     0
   0     0     0     0     0     0     0     0

# features.11_input [N=0, C=13]
   0     0     0     0     0     0     0     0
  15     0     0     0     2     0     0     0
   0     0     0     0     0     0     0     0
   0     0     0     0     0     0     0     0
   0     0     0     0     0    18     0     0
   0     0     0     0     0     0     0     0
   0     0     0     0     0     0    19     0
   0     0     0     0     0     0     3     0

# features.11_input [N=0, C=14]
   0    13     0     3     0     0     0     0
  14     0     0     0     0     0     0     0
  11     0     3     0     0     0     0     0
   0     0     7     0     0     0    16     9
   0     0     0     0     0     0     0    13
   0     0     0     0     0     0     0     0
   0     0     0     0     0     0     0     0
   0     0     0     0     0     0    13     6

# features.11_input [N=0, C=15]
  14    18     0    18    22    25    25     8
   0     0     0    37    28     0     0     0
   0     0    12     0     0     0     0     0
   0     0     0     0     0     0     0     0
   0     0     0     0     0     0     5     0
   0     0     0     0     0     0     0     0
   0     5     0     0     0     0     0     0
   0     0     0     0     0     0     0    17

# features.11_input [N=0, C=16]
   0     0     0    12     0     0     0     0
   0     0     9    20    17     2     0    11
   0     0    28     0     0     0     0     0
   0     0     0     0     3     0     0     0
   0     0     0     0     0     0     0     0
   0     0     0     0     0     0     0     0
   0     6     0    15     0     0     0     0
   0    15    13    13     5     3     0     0

# features.11_input [N=0, C=17]
   0     0     0     0     0     0     0     0
   0     0     0     0     0     0     0     0
   0     0     0     0     0     0     0     0
   0     0     0     0     0     0     0     0
   0     0     0     0     0     0     0     0
   0     0     0     0     0     0     0     0
   0     0     0     0     0     0     0    12
   0     0     0     0    11     0     0     0

# features.11_input [N=0, C=18]
  13     0     0     0     0     0     4     0
   0     0     0     0     0     0     0     0
   0    22     0    38     0     0     0     0
   0     0    19     0     0     0     0     0
   0     0     0     0     0     0     0     0
   0     0     0     0     0     0     0     0
   0     0     0     0     0     0     0     0
   0     0     0     0     0     0     0     0

# features.11_input [N=0, C=19]
  38     0     0     0     0     0     5     8
   0    49    14     0     0     0     5     0
  14    51    47     0     8     0    13    10
   0    34    36     0     0     0     0    12
   0     6     0     0     5     0     0    20
   0     0     4     0     0     4     8     2
   0     0     0     0     4     0     0     0
   0     0     4     0    21     0     8     0

# features.11_input [N=0, C=20]
   0     0     0     0     0     0     0     0
   0     0     0     0     0     0     0     0
   0     0     0     0     0     4     0     0
   0     0     0     0    23     0     0     0
   1     0     0     0    11     0     0     0
  18     0     0     0     0     0     0     0
   7     0     0     0     0     0    12    23
   0     0     0     0     0     0     0     0

# features.11_input [N=0, C=21]
   0     0     0    11     0     0     0     0
   3     0     0     0     0     0     0     0
   0     0     0     0    11     0     0     0
   0    29     0     0     0     0     0     0
   0    10     0     0     0     0     0     0
   0     0     0     0     0     0     0     0
   0     0     0     0     0     0    36     0
   0     7    11     0     0     0     0     0

# features.11_input [N=0, C=22]
   0     0     0     0     0     0     0     4
   0     0     0     0     0     0    12     1
   0     0     0     0     0     0     0     9
   3    20     0     0     0     0     0     6
   0     0     0     0     7     0     0     0
   0     0     0     0     0     0     0     0
   0     0     0     0     0     0     0     0
   0     0     0     0     0     0     0     0

# features.11_input [N=0, C=23]
   2     0     3     0     0     0     0     0
   0     0     0     0     0     0     0     0
   0     0     0     0     0     0     0     3
   0     0     0     0     0     0     0     2
   0     0     0     0     0    30     0     2
   0     0     0     0     0     0     0     0
   0     0     9    15     0    44     0     0
   0     0     0     0    25    11     0     0

# features.11_input [N=0, C=24]
   0    15    21     3     0     0    23     1
   0     0     0     0     0     0     0     0
   0     0     0     0     0     0     0     0
   0     0     0     0     0     0     0     0
   0     0     0     0     0     0     0     0
   0     0     0     0     0     0     0     2
   0     0     0     0     0     0     0     0
   0     0     0     0     0     0     0     0

# features.11_input [N=0, C=25]
  19     0     0     0     0     0    11    21
   9     9     0     0     0     0     0     4
   0     0    10     0     0     0     0     3
   0     0     0     4     0     0     0    11
   0     0    22    25     0     0     0    19
  17     1     0     7     0     0     0     0
   1    18     0    21    11     0     0     0
   8    33    12    30     3     0     2     0

# features.11_input [N=0, C=26]
   0     0     0     0     0     0     0     0
   0     0     0     3     0     0    10     0
   0     0     0     0     0     0     0     0
   0     0     0     0    54     0     0     0
   6    31     0     0     0     0     0    11
  34     0     0     0     0     0     0     0
   0     0     0    32     0     0     0     0
   0     0     2     6     0    37     0     0

# features.11_input [N=0, C=27]
   0     0     0     0     0     0     0     5
   0     0     0     0     0     0     0     0
   0     0     0     0     0     0     0     0
  41     0     0     6     0     0     0     0
   5     0     0     1     0     0     0     0
   0    34     0     0    38     0     0     0
   3    18    41     0     3     0     0     0
  17    26    38    21     5     0     0     0

# features.11_input [N=0, C=28]
   0    10     0     0     0     0     0     2
   0     0     0     0     0     0     0     0
   0     0     0     0     0     0     0     0
   0     0     0     0     0     0     0     0
   0     0     0     0     0     0     0     0
   0    23     0    12     9     0     0     0
   0     0     0    43    81     0     0     0
   0     0     0     0     8     0     0     0

# features.11_input [N=0, C=29]
   0     0     0     0     0     0     0     9
  17     0     0     0    39    19    25    14
  13     0     0     0     0    25    19     4
  15     0     0     0     0     0     0     0
  21     0    32    32     0     0     0     0
  16     0     0     6     0     3     0     0
  17     0     0     0     0     0     0     0
   0     0     0     0     0     0     0     0

# features.11_input [N=0, C=30]
  32     0     0    12    10    13    17    15
  32    37    40    20     0    28    41    22
   7    33    44     0     0     0     0     9
   0     0    54    39     0     0     0     0
   0     0     0    34     0     0     0     0
   0     0     0     0    29     0     0     0
   0     9    11     0    27    11     0     0
   9     1     0     0     0     0    30     0

# features.11_input [N=0, C=31]
   0     0     0     0     0     0     0     0
   0     0     0     5     0     0     0     0
   0     0     0     0     0     0     0     0
   0     0     0     0     0     0     0     0
   0     0     0     0     0     0     0     0
   0     0     0     0     0     0     0     0
   0     0     0     0     0    43     0     0
   0     0     0     0     0     0     0     0

# features.11_input [N=0, C=32]
   0     0     0     0     0     0     0     0
  17     3     0     0     0     0     0     0
   0     0     7     0     0     0     0     0
   0     0    39     0     0     0     0     0
   0     0    14     0     0     0     0     0
   0     0     0     0     0     1     0     0
   0     0     0     0     0     0     0     0
   0     0     0     0     0     0     0     0

# features.11_input [N=0, C=33]
   0     0     0     0     0     0     0     0
   0     0     0     1     0    12    32     0
   0     0     0     0     0     0     0     0
   0     0     0     0     0     0     1     0
   0     0     0     0     0     0     0     0
  10     0     0     0     2     0     0     0
  23    32     0     0    36     0     0     0
   0     0     0     0     0     0     4     0

# features.11_input [N=0, C=34]
  19    14     8     0     0     0     0     0
   0     0     0     0     0     0     0     0
   0     0     0     0     0     0     0     0
   0     0     4     7     6     0     0     0
   0     0     0     0    23     0     6    10
   0     0     0     0     0     0     0     0
   0     0     0     0     0     0     0     0
   0     1     6     0    21    32    16     0

# features.11_input [N=0, C=35]
   0     0     0     0     0     0     1     4
   0     0     0     0     0     0     2    12
   0     0     0     0     0     0     0     0
   0     0     0     0     0     0     0     0
   0     0    25     0     0     0     0     0
   0     0     0     0     0     0     0     0
   0     0     0     0     0     0     0     0
   0     0     0     0     0     0     0     0

# features.11_input [N=0, C=36]
   0     2     0     5     0     0     0     0
   0     0     0     0     0     0     0     0
   0     0     0     0     0     0     0     0
   0     0     0     0     0     0     0     0
   0     0     0     0     0     0     0     0
   0     0     0     0     0     0     0     0
   0     0     0     0     0     0     0     0
   0     2     0     0     0     0     0     0

# features.11_input [N=0, C=37]
   0     0     0     0     0     0     0     0
   0     2     0     0     0     0     0     0
   0     6    21     0     0     0     0     0
   0     0     0     0     0     0     0     0
   0     0     0    15     1     8     4     0
   0     0     0     6     0     0     0     0
   0    26     0     0     0     0     0     0
   0     6     0     0     0     0     0     0

# features.11_input [N=0, C=38]
   8    12     0     0     0     0     2     1
   0    18     0    11     7     0    14    16
  23     0     0     0     0     0     0    11
   0     0     0     0     0     0     9     8
   0     0     0     0     0     0     0     6
   0     0     0     0     0     0     0     0
   0     0    24     0     0     0     0     7
   0     0     0     0     0     0     0     0

# features.11_input [N=0, C=39]
   0     0     0     0     0     0     0     0
   0     0     0     0     0     0     0     0
   0     0     0     0     0     0     0     0
   0     0     0     0    10     0     0     0
   0     0     0     0     0     0     0     0
   0     0     0     0     0     8     0     0
  11     0     0     0     0     0    63    25
   0     0     0     0     0     0     0     0

# features.11_input [N=0, C=40]
   4     0     0     0     0     0     0     0
  38     0     0     0     7    24     0     0
   0     0    16    31    32    11    25     0
   0    12    62    21     0     0     0     0
   0     0     9     0     0     0     0     0
   0     0     0     3     0     0     0     0
   0     0     0     0     0     0     0     0
   0     0     0     0     0     0     0     0

# features.11_input [N=0, C=41]
   0     0     0     0     0     0     1     0
   0     0     0     0     0     0    14     0
   0     0     0     0     8     0     0     0
   0     0    38     0     0     0     0     0
   0     0     0     0     0     0    16     0
   0     0     0     0     0     0     0     0
   0    44     0     0     0     0     0     0
   0     0     0     0     0     0    31    15

# features.11_input [N=0, C=42]
  43    24     9    19    32    15     0     0
   0     0     0     0    25     0    12     0
   0     0     4     0    12     4     0     0
   0     0     0     0     0     0     0     0
   0     0     0     0     0     0     0     0
   0     0     0    26     0     0     0     0
   0     0     0     0     6     0     0     0
   0     0     0     0     0     0     0     0

# features.11_input [N=0, C=43]
   0     3     2     0     0     0     4     3
   0     0     0     0     0     0    15     0
   0     0     0     0     0    16     0     0
   0     0     0     0     0     0     0     0
   2    25     2     0     0     0     0     0
   0     0     0     0     0     0     0     0
   0     0     0     0     0     0     3     0
   0     0     0     0    12     0     0     0

# features.11_input [N=0, C=44]
   0     1     0    13     0     0     0     0
   0     0    17     0     0     0     0     7
   0     0     0     0     0     0     0     0
   0     0    21     0     2     0     0     0
  43    13     0     0     0     0     0    11
   0    22     0     0     0     0     0     0
   0    40     8     0     0     0     0     0
   0     0     0     0     0     0     0     0

# features.11_input [N=0, C=45]
   8     0     0     0     0     0     0     0
   0     0     0     5     1     0     0     0
   0     0     0    10     0     0     0     0
   0     0     0     0     0     0     0     0
   0     0     0     0     0     0     0     0
   0     0     0     0     0     0     0     0
   0     0     0     0     0     0     0     0
   0     0     0     0     0     0     0     0

# features.11_input [N=0, C=46]
   0     0     0     0     0     0     0     0
   0     0     0     0     0     0     0     0
   0     0     0     0     5    11     0     2
   0     0     0     0     2     0     0     0
   0     0     0     0     0     0     0     0
   0     0     0     0     0     0     0     0
   0     0     0     0     0     0     0     0
   0     0     0     0     0     0     0     0

# features.11_input [N=0, C=47]
  25     0     0     0     0     0     0     0
   0     0     0     0     2     0     2     0
   0     0     0     0     0     0     0     0
   0     0     0     0     0     0     0     0
   0     0     0     0     0     0     0     0
   0     0     0     0     0     0    45     0
   0     0     2     8     0     0    33     0
   0     0     0     0     0     2     0     0

# features.11_input [N=0, C=48]
  20    44    31    25    16    20     4    20
   0    19     0     0    12     2    12     0
   0     0     0     6    15    23     5     0
  28    61     0    29     0     0     5     0
  35    24     0     0     0     7    30     0
   0     0     0     0     0     0     0     0
   0     0     0     0     0     0     0     0
  15     0    18    12    42     3    39     0

# features.11_input [N=0, C=49]
   0     0     0     0     6     3     0     0
   0     0     0     0     0     0     0     0
   0     0     0     0     0     0    42     0
   0     0     0     0     0     0    18     0
   0     0     0     0     0     0     0     0
   0     0     0    40     0     0     0     3
   0     0     3     0     0     0     0     0
   0     0     0     0     0     0     0     1

# features.11_input [N=0, C=50]
   0     0     0     0     5     1     0     0
   0     0     0     0     0     0     0     0
   0     0     0     0     0     0     0     0
   0     0     0     0     0     0     0     0
   0     0     0     0     0     0     0     0
   0     0     0     0     0     0     0     0
   0     2     0     0     0     0     0     0
   0     0     0     0     0     0     9     0

# features.11_input [N=0, C=51]
   0     0     0     0     0     0     0     0
   0     0    12     0     0     0     0     0
  16     0     0     0     0     0     0     0
   4     0     0     0     0     0     0     0
   0     0     0     0     6     0     0     0
   0    10     0     0     0     0     0     2
   0     1     6     0     0     0     0     0
   0     0     0     0     0     1     0     0

# features.11_input [N=0, C=52]
   0     0     0    27     0     6     4    11
   9     0     0     0    32     0     0     0
   0     0     0     0     0     2     0     1
   0     9    33    41     0     0    15     0
   0     0     0     0     0     0     0     0
   0     0     0     0     0     0     0    24
   0     0     0     0     8     0     0     0
   0     0     0     0     0     0     0     0

# features.11_input [N=0, C=53]
   8     0     0     0     0     0     0     0
   2     0     0     0     0     0     3     0
   0     0     0     0     0     0     4     0
   0     0     0     0     0     0     0    11
   0     0     0    40     0     0     0     0
   0     0    44     0     0     2     0     0
   0     0    35     0     6    53     0     0
   0     0    30     0     8     1     6     2

# features.11_input [N=0, C=54]
   1     0     9     0     0     0     0     0
  16     0     0     0     0     0     0     4
  16    42     0     0     0     0     0     1
   0    18    45     0     0     0     0     0
   0     0     0     5    12     7     0     0
   0     0     0     0     0     0     0     0
  33     0     0     0     0     0     0     0
  37    21     0    68    18     0     0     0

# features.11_input [N=0, C=55]
   7     0     0     0     0     0     0     0
   7     0     0     0     0     0     0     0
   0     0     0    12     0     0     0     0
   0     0    36     0     8     0     0     0
  16     0    20    13    15     0     0     9
   9     0     2     2     0     0     0     0
   3     0    46     0     0     0     0     0
  33     1    36     0    12     0     0     5

# features.11_input [N=0, C=56]
   0    28    14     0     0     0     0     0
   0     0    14     0     0     0     0     0
   0    14     0     0     0     0     0     0
   0     0     0     0     0     0     0     0
   6    16     0     0    28     0     0     6
   0    33     0     0    53     0     0     0
   0    31    30    22     0     0     0     0
   0     0     0     0     7     0     0     0

# features.11_input [N=0, C=57]
   3     0    16     4     0     0     0     0
   0     0     0     0     0     0     5     0
   0     0     0     0     0     0     0     0
   0     0     0     0     0     0     0     0
   0     0     0     0     0     0     0     0
   0     0    47     0     0     0     0     0
   7     0     0     0    14    44    13     0
   2     0     0    11     0    15     0    25

# features.11_input [N=0, C=58]
   8    29     0     0     0     0    10     3
   0     0     0     0     0     0     0     0
  35     0     0     0     0     0     0     0
   7     0     0     0     6     0    24     0
   0     0     0     0     0     0     1     0
   0     0     0     0     0     0    20     0
   0     0     0     0     0     0     0    10
   0     0     0     0     0     0     0     0

# features.11_input [N=0, C=59]
  35     0     0     0     0     4    24     4
   0     0     0     0     2     0     5     0
   0     0     0     0     0     0     0     0
   0     0     0     0    56     0     0     0
   0     0     0    19    12     0     0     0
   0     0     0     0     0     0     3     0
   0     0     0     0     0     0     0     0
   0     0     0     0     0     0     0     0

# features.11_input [N=0, C=60]
   0     0    24     0     0     0     0     0
   0     0     0     0     0     0     0     0
   5     0     0     0     0     0     0     0
   0     0     0     0     0     0     0     0
   0     0     0     0     0     0     0     0
   0     0     0     0     0     0     0     0
   0     0     0     0     0     0     0     0
   0     0     0     0     0     0     0     0

# features.11_input [N=0, C=61]
   0     0     0     7    15     0     0     0
   0     0     0     0     0     0     0     0
   0     0     0     0     0     0     0     1
   0     5     0     0     0     0     0     0
   0     0     0     0     0     0     0     0
   0     0     0     0     0     0     0     0
   0     3    12     0     0     0     0    16
   0     0     0     0     0     0     0     0

# features.11_input [N=0, C=62]
   0     0     0     0     0     0     0     0
   0     0    15    15    25     0     0     0
  10     0     0    13    23     4     0     0
   3     0     0     0    24     0     0     0
   0    23     0     0     2     8     0     3
   5     0     0     0     0    31     1    17
   0     0     1    22    51     1     0     0
   0     0     0     0     0    14     0     0

# features.11_input [N=0, C=63]
   0     0     0     0     0     0     0     0
   0     0     0     0     0     0     0     0
   0     0     0     0     0     0     0     0
   0     0     0     0     0     0     0     0
   0     0     0     0     0     0     0     0
   0     0     0     0     0     0     0     0
   6     0     0     0     0     9     0     0
   0     0     0     0     0     0     0     0

# features.11_input [N=0, C=64]
   0     0     0     0     0     0     0    19
   0     0     0     0     0     0     0     0
   0     0     0     0     0     0     0     0
   0     0     0     0     0     0     0     0
   0     0     8     0     0     0     0    10
   0     0     0     0     0     0     0    16
   0     0     0     0     0     0     0     0
   0     0     0     0     0     0     0     0

# features.11_input [N=0, C=65]
   8    18     0     0     0     0     0     0
   0     0     0     0     0     0     0     0
   0     0    14     0     0     0     0     0
   0     0     1     0     5     0     0     0
   0     0     0     0     0     0     0     0
   0     0     0     0     0     0     0     0
  14     0    44     0     0     0     0     0
  22     0    24     0    28     0     0     0

# features.11_input [N=0, C=66]
   2     0     0     0     0     0     0     0
   0     0     0     0     0     0     0     0
   0     0     5     0     0     0     0     0
   0     0     0     0     0     0     0     0
   0     0     0     0     0     0     0     0
   0     0     0     0     0     0     0     0
   0     0     0     0     0     0     0     0
   0     0     2     0     0     0     0     0

# features.11_input [N=0, C=67]
   5     0     0     0     0     0     0     0
   0    13     5    12     0     0     0     0
  34    30    14     0     0     0    11    27
   0     0     0     0     0     0     0     0
   0     0     0     0    25    28    43     0
   0    14    54     0     2     0     0     0
   0    37     0    17    30     0     0     0
   0     0     0     0     0     0    13     0

# features.11_input [N=0, C=68]
   0     0     0     0     0     0     0     0
   0     0     0     0     0     0     0     0
   0     0     0     0     0     0     0     0
   0     0     0     0     0     0     0     0
   0     0     0     0     0     0     0     0
   0     0     0     0     0     0     0     0
   0     0     0     0     0     0     0     0
   0     0     0     0     0     0     0     0

# features.11_input [N=0, C=69]
   0    11     0    30     9     0     0     9
   0    26    37     5     0     0     0     2
   0     0     4     0     0     0     0     0
   0     0     0     0     6     0     6     0
   0    16    32     0     0     0     0     0
   0    12    73     0     0    33     0    53
   0     0     0    26     0     0     0     0
   0     0     0     0     0     0    16     0

# features.11_input [N=0, C=70]
   0     0     0     0     0     0     0     0
   0     0     0     0     0     0     0     0
   0     0     0     0    14     7     0     0
   0     0     0     0     3    30     4    12
   0     0     0     0     0     0    10     4
   3     1     0    30     0     0     0     0
   0     0     0     5     0     0     0     0
   0     0     2     0     0     0     0     0

# features.11_input [N=0, C=71]
   0     0     6     0     0     0     0     0
  12     0     0     0     6     0     0    11
   0     0     0     0     0     0     0     0
   0     0     0     0     0     0     0     0
  35     0     0     0     0     0     0     0
  32     0     0     0     0     0     0     0
  17     0     0     0     0     0     0     0
   0     0     0     0     0     0     0     0

# features.11_input [N=0, C=72]
   0    30     0     0     0     0     5     0
   0     0     0     0     0     0     0     0
   0     0     0     0     0     0     0     0
   0     0     0     0     0     0     0     0
   0     0     0     0     0     0     0     0
   0     0     0     0     0     0     0    10
   0     0     0     0     0     0     5     0
  16     0     0     0     0     0     0     0

# features.11_input [N=0, C=73]
   0     0    20     0     0     0     0    15
  18     0     0     0     0     0    19     0
   0     9     0     0     0     0    22    25
   0     0     0     0     0    16    10    44
   0     0     0     3     0    27     0    25
   0     0     0    11     0     0     0    16
   0     0     0     3     0     0     0     0
   0     0     0     0     0     0     0     5

# features.11_input [N=0, C=74]
  19    22     0     0    10    16     0     0
   0     0     0    27    25     0     1     0
   0     0     0     0     0     0     0     0
   0     0     0     0     0     0     0     0
   0     0     0     0     0     0     0     0
   0     0     0     0     0     0    12     0
   0     0    16    33     0     0     0     0
   0     0     0     0     0     0     0     0

# features.11_input [N=0, C=75]
   0     0     0     0     8     0     0     0
   0     0     0     0     0     0     5     0
   0     0     0     0     0     0     0     0
   0     0     0     0     0     0     0     0
   0     0     0     0     0     0     0    20
  11     7     0     0     0     0     0     0
  30     0     0     0     0     0     0     0
   0     0    20    11     0     0     0     0

# features.11_input [N=0, C=76]
  27     4     0     0     0     0     0     3
  24     0     6     2     0     1     0     4
   0     0     0    39     0     0     0    14
   0     0     3     7     0     0     0     9
   0     0     1     0     0     0     0    11
   0     0     0    45     9     0     0    48
   0     0     0    35    28     0     0     0
   0     0     0     0     0     0     0     0

# features.11_input [N=0, C=77]
   0     0     0     0     0     0     0     0
  18     0     0     0     0     0     0     0
   2     0     0     0     0     0     0     0
   0    23     0     0     0     0     0     0
  51    27    31    22    13     0     0     0
  20     0    17     0     0     0    40     0
   0     0    13     0     0     0     0     0
   0     0     5     0     0     0     0     0

# features.11_input [N=0, C=78]
   2     0     0     0     0     0     0     2
   0     0     0     0     0     0     0     0
   0     0     0     0     0     0     0     0
   0     0     0     0     0     0     0     0
   0     0    15     0     0     0     0     0
   0     0     0     0     0     0     0     0
   0     0     0     0     0     0     0     0
   0     0     0     0     0     0     0     0

# features.11_input [N=0, C=79]
   0     0     0     0     0     0     0     0
   0     0     0     0     0     0     0     0
   0     0     0     0     0     0     0     0
   0     0     0     0     0     0     0     0
   0     0     0     0     0     0     0     0
   0    25     0     0     0     0     0     0
   0    10     0     0     0     0     1    16
   0     0     0     0     0     0     6     0

# features.11_input [N=0, C=80]
   0     0     0     0     0     0     0     0
   0     0     0     0     0     0     0     0
   0    35     0     0     0     0     0     0
   0     0     0     0     4     0     0    24
  21     0     7     0     0     0     0    23
   0     0     0    21     0     0     0    23
   2     0     9    10     3     0     0     0
  20     0     0    20    33    14     0     0

# features.11_input [N=0, C=81]
   0     0     0     0     8     0     0     0
   0     0     0     0     0     0     0     0
   0     0     0     0     0     0    31     3
   0     0     0     0     0     0     0     0
   0     0     0     0     0     0     0     0
   0     0     0     0    16     0     0     0
   0     0     0     0     0     0     0     0
   0     0     0     0     0     0     0     2

# features.11_input [N=0, C=82]
  10     0     0     0     0     0     0     9
   0     0     0     0     0     0     0     0
   0     0     0     0     0     0     0     0
   0     0     0     0     0     0     0     0
   1     0     0     0     0     0     0     0
   0     0     0     0     0     0     0     0
   6     0     0     0     0     0     0     0
   0    27     0     0     0     0     0     0

# features.11_input [N=0, C=83]
  21     0     0     0     0     0     0     0
   0     0     0     0     0     0     0     0
   0     0     0    20     0     0     0     0
   0     0     0     0     0     0     0     0
   0     0     0     0     0     0     0     0
   0     0     0     0     0     3     0     0
   0     0     0     0     0     0     8     0
   0    22     0     0     4     0     0     0

# features.11_input [N=0, C=84]
   0    16     0     9     0     0     0     1
   0     0     1     0     3     2    17    25
   0     0     0     0     0     0    18    45
   0     0     0     0     0     0     6     0
   0     0     0     0     0     0     0     0
   0     0     0     0     0     0     0     0
   0     3     0    21     0    22     0     0
   0     5     0     0     0     0     0     0

# features.11_input [N=0, C=85]
   0     0     0     0     0     0     0     0
   0     0     0     0     0     0     0     0
   0     0     0     0     0     0     0     0
   0     0     0     0     0     0     0     0
   0     0     0     0     0     0     0     0
   0    11     0     0     0     0     0     0
   0     1     0     0    16     0     0    13
   0     0     0     0     0     0     0     0

# features.11_input [N=0, C=86]
   0    24     0     0    22     2    35    23
   0     0     0     0     0     0    10    10
   0     0     0     0     0     0     0     0
   0     0    36     7     2     0     0     3
   0     0     0     0     0     0     0     0
   0     0     0     0     0     0     0     0
   0     0     0     0     0     0     0     0
   0     0     0     0     0     0     0     0

# features.11_input [N=0, C=87]
  16     0     0     0     0     0     0     0
   0     8     0     0     0     0     0     0
   0     8     0     0     0     0     0     0
   0     0     0     0     0     0     0    10
   0     0     0     0     0     0     0     0
   0     0     0     0     0     0     0     0
   0     8     0     0     0     0     0     5
   0     0     0     0     0     0     0     0

# features.11_input [N=0, C=88]
   0     0     0     0     0     0     0     0
   0     0     0     0    15     1     0     0
   0     0     0     0     0     8     0    19
   0     0     0    29     0     0     0     0
   0    35     0     0    38     0     0     0
   0     8     0     0     0     0     0     0
   0     0     1    16     0     0     0     8
   0     0     0     0     0    19     0     0

# features.11_input [N=0, C=89]
   0     0     0     0     0     0     0     0
   0     0     0     0     0     0     0     0
   0     0    10     0     0     0     0     0
   0     0     0     2     0     0     0     0
   0     0     0     0     0     0     0     0
   0    16     0     0     0     0     0     0
   0     0     0    34     0     7    27     0
   0     0     0     0     0     0     0     0

# features.11_input [N=0, C=90]
   0     0     0     0     0     0     0     0
   0     0     0     0     0     0     0     0
   0     0     0     0     0     0     0     0
   0     0     0     0     0     0     0    20
   0     0    12    10     0     0     0     0
   0     0     0     0     0     0     0     0
   0     0     0     0     0     0     0     0
   0     0     7     0     0     0     0     0

# features.11_input [N=0, C=91]
   0     5     0     0     0     0     0     0
   0     0     0     0     1     0    13     0
   0     0    23     0     5     0     0     0
  37     0    12     0     0     0     0     0
   0     0     0     0     0     0     0     0
  10     0     0    14     0     0     0     0
   0     0     0     0     0    62     9     0
   0     0     0     0     0     0     0     0

# features.11_input [N=0, C=92]
   0     0     0     0     0     0     0     0
   0     0     0     0     0     0     0     0
   0     0     0    26     0     0     0     0
   0     0     0    38     0     0     0    32
   0     0     8    12     0     0     0     0
   0     2     0     0    28     0     0     0
   0     0     0     0     0     0     0    29
   0    11     0     0    12     0     0     0

# features.11_input [N=0, C=93]
  23     0     0     0     0     0     0     0
   0     0    31     1    20    37    24    11
   0     0     0     0     0     0     0    24
   0     0     0     0     0     0     0     0
   0     8     0     2     0     0     0     0
   0     0     0     0     0     0     0     0
   0     0     4     0     0     0     0     0
   0     0     0     0     0     0     0     9

# features.11_input [N=0, C=94]
   0     0     0     0     0     0     0     0
   0     0     0     8     0     0     0     0
   0     0     0     0     7     0     0     0
   0     0     0     0     0     0     0     0
   0     0     0     0     0     0     0     0
   0     0     0     0     0     0     0     0
   0     0     0     9     0     0     0     0
  16    42    17    54    18     0     0     0

# features.11_input [N=0, C=95]
   0     0     0     0     0     0     0     0
   9     0    11     0     0     0    32     0
   0     0     0     0     0     0     2    10
   0     0     0     0     0     0     0     0
   0     0     0     0     0     0     0    40
   3     0    11     0    15     0     0    10
  21     7     0    33    47     0     0    21
  13    17     0    33    56    55    16     3

# features.11_input [N=0, C=96]
   0     0     0     0     0     0     0     0
   0     0     0     0     0     0     0     0
   3     0     0     0     6     0     0     0
   0     0     0     0     0     0     0     0
   0     0     0     0     0     0     0     0
   0     0     0     0     0     0     0     3
  10     0     0     0     0    30     0     9
  13     0     0     0     0     0     0     0

# features.11_input [N=0, C=97]
   0     0     5     0     0     1    20    16
   0     0     0     0     0     2    15    33
   0     0     0     0     0     0     0    32
   0     0     0    50    27     0     0     0
   0     0     0    25    20     0     0     0
   0     0     0     0     0    22     0     0
   0     0     0     0     0    17     0     0
   0     0     0     0    16     0     0     0

# features.11_input [N=0, C=98]
   0     0     5     0    10     1     0     0
   0     0     0     0     7     0    15    28
   0     0     0     0     0     0     0     8
   0     0     0     0     0     0     0    11
   0     0     0     0     0     0     0     0
   0     0     0     0     0     0     0     0
   0     0     0     0     0     0     0     0
   0     0     0     0     0     0     0     0

# features.11_input [N=0, C=99]
  18     2     0     0     0     0     0     1
   0     0     0     0     8    16    48     0
   0     0     0     0     1     4     0     0
   0     0     0     0     0     0     0     0
  16     0     0     0     0     0     0     0
  19     0     0     0     0     0     0     0
   1    18     0    55    46     0     0     0
   0     0     0     0    17     0     0     0

# features.11_input [N=0, C=100]
   0     0     4     0     0     0     0     0
   0     0     0     0     0     0     0    23
   0     0     0     0     0     0     0     7
   0     0    11    21     5     0     0     0
   0     0    66     0     0     0     0     0
   0     0    14     0     0    22     0     0
   0     0     0     0     0     0     0     0
   0     0     0     0     0     0     0     0

# features.11_input [N=0, C=101]
   1     0     0     0     0     0     0     0
   2     0     0     0     4     0     0     0
  24    56     0    24     0     0     0     0
   6    14     0    39     5    10     0     0
   0     0    39    50    52    29     4     0
   0     0     7    33     0     0     0    14
   0     0    25    11    21    17     0     0
   0     0    18     0     0     0    24     3

# features.11_input [N=0, C=102]
   0     0     0    15    12     0     5     6
   0     0     0     0     4     0     0     0
   0     0     0     0     0     0     0     0
   0     0     0     0     0     0     0     0
   0     0     3    19     0     0     0     0
   0     0    12    11     0     8     0     0
   0     0     0     0     0     9     0     0
  14     0     0     0     0     0    43     0

# features.11_input [N=0, C=103]
   0     0     0     0     0     0     0     0
   0     0     0     0     0     0     0     0
   3     0     0     0     0     0     0     0
   0     0     0     0     0     0     0     0
   0    31     0     0     0     0     0     0
   0     0     0     0     0     0     0     0
   0     0     0    22     0     0     0    17
   0     0     0    10     0     0     0    13

# features.11_input [N=0, C=104]
   0     0     1     0    20     0     0     6
   0     0     0     0     0     4     0    13
   0     0     0     0     0     0     0     0
   0     0     0     0     0     0     0     0
   0     0    34     0     0    10     0     0
   0     0     6     0     0     0     0     0
   0     0    11     5     0     0     0     0
   0     0     0     0     0     0     0     0

# features.11_input [N=0, C=105]
   3    29    16     4     0     0     0     0
   0     0     0    13    23    35     0     0
   0     3     0     0     1     0     0     0
   0    25     0     5     0     0     0     0
   0     0     0     0     0     0     0    67
   0     0     0     0     0     0     0     0
   0     0     0     0     0     0     0     0
   0     0     0     0     0     0     0    25

# features.11_input [N=0, C=106]
   0     0     0     0     0     0     0     0
   0     0     0     0     0     0     0    15
   0     8     0     0     0     0     0     0
   0     0     0     0     0     0     0     0
   0     0     0     0     0     0     0     0
   7     0     0     0     0     0     0     0
  18     0     9     0     0     7     0     0
  39     6    31    11     0     2     0     0

# features.11_input [N=0, C=107]
   0     0     0     0     0     0     0     0
   0     0     0     5     2     0     0     0
   0     0     0     0     0     0     0     0
   0     0     0     0     0    11     0     0
   0     0     0     0     0     0     0     0
   0     0     0     0     0     0     0     0
   0     0     0     0     0     0     0     0
   0     0     0     0     0     0     0     0

# features.11_input [N=0, C=108]
   5     0     0     1     0     0     8    28
   0    12     0    14     6     0     0    27
   0     0     0    33    36     0     0     0
   0     0     4    37    48     0     0     0
   0     0     0     0     0     0     0     0
   0     0     0     0     0     0     0     0
  16    22     0     0     0     0     0     0
   0     0     7    14     0     0     0     0

# features.11_input [N=0, C=109]
   0     0     0     0     9     0     0     0
   0     0     0     1     3     0     0     0
   0     0     0     0     0     0     0     0
  18     0     0     0     0     0     0     0
   0     0     0     0     0     0     0    19
   0     0     0     0     0     0     0     0
   0     2     0     0     0     0     6     2
   0     0     0     0     0     0     0    14

# features.11_input [N=0, C=110]
   0     0     0     0     0     0     0     0
   0     0     0     0     0     0     0     0
   0     0     0     0     0     0     0     0
   0     0     0     0     0     0     0     0
   0     0     0     0     0     0     0    12
   0     0    12     4     0    13     0     0
   0    16     0     0     0     0     0     0
   0     6     0     3     0     0     0     0

# features.11_input [N=0, C=111]
   0     0     0     0     0     0     0     0
   0     0     0     0     0     0     0     0
   0    12     0    16    22     0     0     0
   0     0     7    11     0    35    37    29
   0     0    32     0     0    12    15     0
   0     0     0     0     0     0     0     0
   0     0     0     0     0     0     0     0
   0     0     0     3     0     2    11     0

# features.11_input [N=0, C=112]
   0     0     0     0     0     0    13     0
   0     0     0     0     0     0     0     0
   0     0     0     0     0     0     0     0
   0     0     0     0     0     0     0     0
   0     0     0     0     0     0     0     0
   0     0     0     0     0     0     0     0
   0     0     0     0     0     0     0     0
   0     0     0     0     0    28     0     0

# features.11_input [N=0, C=113]
  24     0     0     0    13    13    23    23
  25     0     0     0     0     6    11    26
   0     0     0     0     0     0     0     0
   0     0     0     0     0     0     0     0
   0     0     0     0     0     0     0     0
   2     0     0     0     0     0     0     0
   0     0     0     0     7     0     0     0
   2     0     0     0     0     0     0     0

# features.11_input [N=0, C=114]
   9    40     9     0     0     0    21    13
   0     0     3     5     0     0     0     0
   9     0     0     0     0     0     7     0
   0     0     0     0     0     0     0     0
   0     0     0     0     0     0     0     0
  17     0     0     0     0     0     0     0
   1     0     0     0     0     0     0     0
   0     0     0     0     0     0     0     0

# features.11_input [N=0, C=115]
   0     0     0     0     0     0     0     0
   0     0     0     5     0     0    10     0
  21     8     0     0     0     0    15     4
   0    18     0     0     0     0     0     0
   0    51    32     0     0    30     0     0
   0    37     3     0    13    41     0     0
   0     0     6     0    64     0     0     0
   0     0     0     0     0     0    16     0

# features.11_input [N=0, C=116]
  34    22     0     0     0     0     0     1
   0     0     3     0     0     0     0     0
  13    25    18    26    24     2     0     0
  17     0     0     0    29    24     0     0
   0     0     0    54    25    11     0     0
   0     0     0     0     0     0     0     0
   1     0     0     0     0     0     0     0
   0     0     0     0    19     0     0     0

# features.11_input [N=0, C=117]
   0     7     0     0     0     0     0     0
   0     0     0     0     0     0     0     0
   0     0     0     0     0     0     0     0
   0     0     0     0     0     0     5    30
   0     0     0     0     0     0    16    22
   0     0     0     0     0     0     0    10
   0     0     9     0     5     0     0     0
   0     0     0     0     0     0     0     0

# features.11_input [N=0, C=118]
   0    35     0     0     0     0     0     0
   0     0    13     0     0     5    13     0
   0     0     0     0     0     0     4     0
   0     0     0     0     0     0     0     0
  38     0     0     0     0     0     0     0
   0     0     0     0     0     0     0     0
  11     9     0     0     0     0     0    46
   0     0     0     0     0     0     0     0

# features.11_input [N=0, C=119]
   0     0     0     0     0     1     0     0
   0     0    20     0     0     0    15    10
   0     0     0     0     0     0    21    29
   0     0     0     0     0     0     0     0
   0     0     0    42     0     0     0     0
   1     0     0     0     0     0     0     0
   8     0     0     0     7     0     0     0
  23     0     0    14    18     0     0     0

# features.11_input [N=0, C=120]
  11     0     0     0     0     0    12     0
   0     0     0     0     0     0     0     0
   0    12     0     0     0     0     0     0
  21     0     0     0     0     0     0     0
   0     0     0     0     0     0    16     0
   0     0     0     0     0     0    18     0
   0     0     0     0     0     0     0     0
   0     0     3     7     0     1     0     0

# features.11_input [N=0, C=121]
   8     0     0     0     0     0     0     0
   0     0     0     0     0     0     0     0
   0    10     0     0     0     0     0     0
   0     0     2     0     0     0     0     1
  10     0     0     0    17     0     0     0
   0     0     0     0     0    19    15     0
   0     0    72     0     0     0    13     7
   0     0     0     0     0     0     0     0

# features.11_input [N=0, C=122]
   0     0     0     9     0     0     0     0
   0     0     0     2     0     0     0     0
   0     0     0     0     0     0     0     0
   0     0     0     0    15     0     0    18
   0     0     0     0     0     0     0     4
   0     0     0     0     0     0     0     0
   0     0     0     0     0    57     0     0
   0     0     0     0     0    11     0     0

# features.11_input [N=0, C=123]
   0     0     0     0     0     8     0     0
   0     0     0     0     0     0     7     0
   0     0     0     0     0     0     0     0
   0     0     0     0     0     0     0     0
   0     0     0     0     0     0     0     0
   0     0     0     0     0     0     0     0
   0     0     1     0     0     0     0     0
   0     0     0     0     0     0     0     0

# features.11_input [N=0, C=124]
   0     0     0     0     0     0     0     0
   0     0     0     0     0     0     7     0
   0     7     0     0     0     0     3    21
   0     0     0     0     0     0     0     0
   0     0     9     0    19     0     0     0
   0    12    17     0     0     0     0    16
   0     0     0     0    16    15     0     0
   0     0     0     0     0     0     0    12

# features.11_input [N=0, C=125]
   0    23     4     0     0     0     0     0
   0     0     0     0     0     0    11     0
   0    25     0     0     0     0     0     0
  11     0     0     0    29     9    51    34
   0     0     0     8     0     0     0     0
   0     0    22     0     0     0     0     0
   0     0     0     0     0     0     0     0
   0     0     0     0     8     0     0     0

# features.11_input [N=0, C=126]
  17     0     0     0     0     0     0     0
   4     5     0     0    24     0     5     0
   0     0     0     0     0     0     0     0
   0     0    25    34     0    13     0     0
   0     0     4     0     0     0     0     3
   0     0     0     0    25     0     0     0
   0     0     0     0     0     0     0     0
   0     0     3     0     0     0     0     0

# features.11_input [N=0, C=127]
  10    24     0     0     0     0     0     0
   0     0     0     0     0     0     3     0
   0     0     0     0     0     0     0     0
  13     0     0     0     0     0     0     0
  37     0     0     0     0     0     0     0
  14     0     0     0     0     0     0     0
   0     0     0     0     0     0     0     0
   0     2     0     0     0     0     8    24

