-0.160784
-0.137255
-0.145098
-0.129412
-0.176471
-0.270588
-0.262745
-0.309804
-0.372549
-0.168627
0.317647
0.286275
0.247059
0.403922
0.160784
0.027451
-0.058824
-0.309804
-0.356863
-0.239216
-0.090196
-0.098039
-0.145098
-0.168627
-0.168627
-0.184314
-0.200000
-0.192157
-0.223529
-0.215686
-0.254902
-0.286274
-0.121569
-0.105882
-0.105882
-0.098039
-0.129412
-0.231373
-0.239216
-0.270588
-0.349020
-0.176471
0.341177
0.325490
0.262745
0.427451
0.192157
0.050980
-0.027451
-0.278431
-0.341176
-0.223529
-0.074510
-0.066667
-0.176471
-0.168627
-0.168627
-0.200000
-0.247059
-0.254902
-0.215686
-0.192157
-0.239216
-0.278431
-0.105882
-0.082353
-0.082353
-0.066667
-0.098039
-0.207843
-0.215686
-0.247059
-0.333333
-0.176471
0.364706
0.380392
0.278431
0.466667
0.215686
0.090196
0.027451
-0.247059
-0.317647
-0.207843
-0.066667
-0.003922
-0.160784
-0.223529
-0.200000
-0.207843
-0.239216
-0.231373
-0.239216
-0.215686
-0.231373
-0.301961
-0.090196
-0.066667
-0.066667
-0.050980
-0.074510
-0.184314
-0.200000
-0.223529
-0.333333
-0.176471
0.419608
0.450980
0.317647
0.498039
0.239216
0.145098
0.105882
-0.215686
-0.301961
-0.207843
-0.066667
0.074510
-0.184314
-0.278431
-0.200000
-0.247059
-0.262745
-0.239216
-0.247059
-0.239216
-0.270588
-0.325490
-0.152941
-0.105882
-0.066667
-0.043137
-0.066667
-0.168627
-0.184314
-0.207843
-0.341176
-0.200000
0.458824
0.560784
0.349020
0.521569
0.278431
0.192157
0.215686
-0.184314
-0.294118
-0.231373
-0.145098
-0.035294
-0.356863
-0.419608
-0.388235
-0.325490
-0.278431
-0.364706
-0.317647
-0.270588
-0.270588
-0.309804
-0.796078
-0.741176
-0.443137
-0.066667
-0.050980
-0.160784
-0.176471
-0.184314
-0.341176
-0.231373
0.513726
0.678431
0.380392
0.537255
0.317647
0.239216
0.341177
-0.152941
-0.301961
-0.278431
-0.223529
-0.082353
-0.411765
-0.333333
-0.333333
-0.372549
-0.200000
-0.341176
-0.341176
-0.262745
-0.286274
-0.270588
-0.992157
-1.000000
-0.662745
-0.113725
-0.035294
-0.160784
-0.176471
-0.168627
-0.333333
-0.247059
0.498039
0.709804
0.411765
0.576471
0.356863
0.254902
0.325490
-0.137255
-0.301961
-0.294118
-0.223529
-0.035294
-0.192157
0.200000
0.113726
-0.152941
-0.278431
-0.356863
-0.200000
-0.082353
-0.239216
-0.278431
-0.968627
-0.968627
-0.717647
-0.145098
-0.027451
-0.168627
-0.184314
-0.184314
-0.380392
-0.278431
0.396078
0.678431
0.427451
0.435294
0.215686
-0.019608
0.003922
-0.121569
-0.286274
-0.301961
-0.231373
-0.027451
-0.262745
-0.019608
-0.074510
-0.129412
-0.239216
-0.317647
-0.145098
-0.121569
-0.262745
-0.317647
-0.984314
-0.984314
-0.788235
-0.192157
-0.027451
-0.168627
-0.176471
-0.152941
-0.254902
-0.090196
0.043137
0.192157
0.192157
0.192157
0.082353
-0.192157
0.003922
-0.129412
-0.309804
-0.317647
-0.247059
-0.019608
-0.419608
-0.356863
-0.286274
-0.168627
-0.113725
-0.215686
-0.215686
-0.145098
-0.247059
-0.349020
-0.984314
-0.984314
-0.874510
-0.317647
-0.019608
-0.160784
-0.152941
-0.129412
-0.176471
-0.247059
-0.396078
-0.129412
0.152941
0.192157
-0.043137
-0.168627
0.027451
-0.184314
-0.325490
-0.356863
-0.294118
-0.011765
-0.450980
-0.490196
-0.356863
-0.168627
-0.113725
-0.129412
-0.200000
-0.176471
-0.247059
-0.325490
-0.976471
-0.992157
-0.929412
-0.411765
-0.215686
-0.286274
-0.168627
-0.294118
-0.239216
-0.074510
-0.207843
0.192157
0.396078
0.011765
-0.184314
-0.129412
-0.035294
-0.011765
-0.058824
-0.152941
-0.152941
0.003922
-0.403922
-0.505882
-0.458824
-0.443137
-0.419608
-0.325490
-0.278431
-0.317647
-0.349020
-0.372549
-0.952941
-0.952941
-0.819608
-0.505882
-0.443137
-0.239216
-0.105882
-0.223529
-0.145098
0.003922
0.074510
0.443137
0.474510
-0.098039
-0.333333
-0.294118
-0.333333
-0.207843
-0.027451
0.066667
0.090196
0.121569
-0.019608
-0.145098
-0.239216
-0.349020
-0.403922
-0.356863
-0.349020
-0.427451
-0.466667
-0.443137
-0.921569
-0.780392
-0.513726
-0.349020
-0.003922
0.129412
0.098039
0.082353
-0.090196
-0.168627
0.200000
0.505882
0.427451
-0.027451
-0.333333
-0.215686
-0.270588
-0.498039
-0.482353
-0.262745
-0.019608
0.090196
0.184314
0.231373
0.231373
0.184314
0.137255
0.035294
-0.105882
-0.231373
-0.309804
-0.356863
-0.717647
-0.623529
-0.450980
-0.278431
0.152941
0.309804
0.372549
0.325490
0.215686
0.231373
0.364706
0.396078
0.286275
0.105882
0.003922
0.074510
0.113726
-0.466667
-0.764706
-0.670588
-0.419608
-0.090196
0.050980
0.145098
0.278431
0.349020
0.403922
0.458824
0.450980
0.411765
0.349020
0.200000
-0.498039
-0.427451
-0.419608
-0.380392
-0.082353
0.192157
0.396078
0.450980
0.482353
0.537255
0.498039
0.247059
0.058824
0.066667
0.035294
-0.019608
-0.121569
-0.419608
-0.725490
-0.733333
-0.607843
-0.176471
-0.152941
-0.309804
-0.090196
0.121569
0.301961
0.411765
0.498039
0.576471
0.623529
0.631373
-0.474510
-0.380392
-0.239216
0.019608
0.278431
0.458824
0.482353
0.513726
0.584314
0.623529
0.552941
0.411765
0.113726
-0.113725
-0.098039
-0.309804
-0.396078
-0.349020
-0.631373
-0.654902
-0.607843
-0.207843
-0.160784
-0.701961
-0.592157
-0.325490
-0.058824
0.176471
0.372549
0.498039
0.576471
0.639216
-0.498039
-0.403922
-0.011765
0.341177
0.482353
0.537255
0.513726
0.537255
0.662745
0.686275
0.631373
0.372549
-0.058824
-0.223529
-0.254902
-0.403922
-0.333333
-0.207843
-0.529412
-0.545098
-0.482353
-0.262745
-0.090196
-0.443137
-0.505882
-0.482353
-0.450980
-0.411765
-0.160784
0.129412
0.388235
0.560784
-0.419608
-0.529412
-0.388235
-0.050980
0.160784
0.356863
0.498039
0.560784
0.733333
0.843137
0.670588
0.403922
-0.207843
-0.411765
-0.450980
-0.576471
-0.388235
-0.262745
-0.482353
-0.458824
-0.364706
-0.160784
0.145098
-0.121569
-0.309804
-0.349020
-0.505882
-0.521569
-0.498039
-0.466667
-0.270588
0.035294
-0.450980
-0.490196
-0.498039
-0.168627
0.364706
0.505882
0.552941
0.615686
0.741176
0.929412
0.686275
0.145098
-0.247059
-0.349020
-0.466667
-0.490196
-0.223529
-0.168627
-0.435294
-0.435294
-0.333333
-0.035294
0.301961
0.074510
-0.145098
-0.231373
-0.458824
-0.498039
-0.443137
-0.443137
-0.450980
-0.458824
-0.411765
-0.254902
-0.168627
0.027451
0.458824
0.592157
0.552941
0.568627
0.678431
0.843137
0.960784
0.560784
0.058824
-0.019608
0.011765
-0.027451
-0.090196
-0.137255
-0.372549
-0.427451
-0.349020
-0.050980
0.215686
0.058824
-0.145098
-0.262745
-0.301961
-0.403922
-0.435294
-0.443137
-0.372549
-0.380392
-0.254902
-0.105882
-0.074510
-0.050980
0.223529
0.349020
0.145098
-0.066667
0.090196
0.372549
0.733333
1.000000
0.654902
0.278431
0.215686
0.019608
-0.113725
-0.200000
-0.364706
-0.380392
-0.380392
-0.074510
0.129412
-0.066667
-0.098039
-0.192157
-0.129412
-0.207843
-0.403922
-0.411765
-0.286274
-0.215686
-0.121569
-0.231373
-0.372549
-0.411765
-0.309804
-0.364706
-0.419608
-0.458824
-0.411765
-0.294118
-0.074510
0.505882
0.749020
0.529412
0.349020
0.137255
0.043137
-0.129412
-0.435294
-0.443137
-0.372549
-0.113725
0.325490
0.286275
-0.003922
0.011765
-0.003922
-0.262745
-0.490196
-0.537255
-0.388235
-0.278431
-0.019608
-0.286274
-0.396078
-0.458824
-0.498039
-0.435294
-0.427451
-0.364706
-0.317647
-0.262745
-0.192157
-0.090196
0.450980
0.701961
0.380392
0.137255
0.066667
-0.105882
-0.474510
-0.537255
-0.427451
0.145098
0.811765
0.905882
0.443137
0.200000
0.192157
-0.160784
-0.411765
-0.490196
-0.435294
-0.372549
-0.200000
-0.341176
-0.435294
-0.419608
-0.356863
-0.270588
-0.254902
-0.278431
-0.262745
-0.223529
-0.160784
-0.121569
0.113726
0.576471
0.411765
0.066667
0.011765
-0.215686
-0.584314
-0.639216
-0.482353
0.019608
0.725490
0.976471
0.623529
0.254902
0.254902
-0.050980
-0.396078
-0.490196
-0.466667
-0.435294
-0.537255
-0.474510
-0.427451
-0.380392
-0.278431
-0.176471
-0.207843
-0.239216
-0.215686
-0.215686
-0.145098
-0.098039
-0.019608
0.482353
0.411765
0.050980
-0.027451
-0.231373
-0.443137
-0.419608
-0.372549
-0.521569
-0.011765
0.858824
0.756863
0.317647
0.160784
-0.215686
-0.411765
-0.529412
-0.529412
-0.521569
-0.521569
-0.427451
-0.372549
-0.333333
-0.215686
-0.082353
-0.145098
-0.145098
-0.160784
-0.176471
-0.137255
-0.192157
-0.137255
0.137255
0.066667
-0.082353
-0.113725
-0.207843
-0.286274
-0.364706
-0.403922
-0.435294
-0.372549
0.349020
0.411765
0.035294
-0.152941
-0.631373
-0.576471
-0.560784
-0.623529
-0.631373
-0.490196
-0.372549
-0.349020
-0.294118
-0.223529
-0.184314
-0.160784
-0.105882
-0.113725
-0.152941
-0.184314
-0.200000
-0.200000
-0.207843
-0.239216
-0.262745
-0.317647
-0.380392
-0.372549
-0.364706
-0.364706
-0.341176
-0.192157
0.035294
-0.309804
-0.537255
-0.403922
-0.670588
-0.749020
-0.615686
-0.513726
-0.576471
-0.372549
-0.317647
-0.262745
-0.254902
-0.239216
-0.168627
-0.192157
-0.176471
-0.168627
-0.215686
-0.270588
-0.262745
-0.270588
-0.301961
-0.301961
-0.349020
-0.372549
-0.458824
-0.388235
-0.364706
-0.419608
-0.294118
-0.192157
-0.286274
-0.427451
-0.678431
-0.482353
-0.388235
-0.568627
-0.733333
-0.709804
-0.560784
-0.231373
-0.262745
-0.223529
-0.176471
-0.176471
-0.247059
-0.247059
-0.254902
-0.254902
-0.333333
-0.341176
-0.349020
-0.349020
-0.341176
-0.356863
-0.372549
-0.403922
-0.474510
-0.443137
-0.419608
-0.435294
-0.349020
-0.341176
-0.427451
-0.364706
-0.592157
-0.505882
-0.301961
-0.372549
-0.623529
-0.803922
-0.756863
-0.192157
-0.247059
-0.278431
-0.192157
-0.254902
-0.301961
-0.309804
-0.325490
-0.325490
-0.356863
-0.286274
-0.286274
-0.301961
-0.317647
-0.380392
-0.435294
-0.403922
-0.349020
-0.349020
-0.435294
-0.450980
-0.380392
-0.349020
-0.294118
-0.270588
-0.458824
-0.498039
-0.372549
-0.403922
-0.600000
-0.788235
-0.796078
-0.364706
-0.325490
-0.325490
-0.372549
-0.380392
-0.317647
-0.380392
-0.396078
-0.372549
-0.270588
-0.121569
-0.168627
-0.301961
-0.388235
-0.396078
-0.341176
-0.035294
0.090196
-0.090196
-0.286274
-0.466667
-0.435294
-0.364706
-0.317647
-0.301961
-0.419608
-0.576471
-0.592157
-0.474510
-0.560784
-0.772549
-0.811765
-0.372549
-0.286274
-0.278431
-0.294118
-0.262745
-0.349020
-0.403922
-0.364706
-0.325490
-0.231373
-0.168627
-0.341176
-0.427451
-0.349020
-0.215686
-0.200000
0.090196
0.239216
0.074510
-0.098039
-0.341176
-0.443137
-0.403922
-0.380392
-0.356863
-0.372549
-0.498039
-0.701961
-0.576471
-0.607843
-0.772549
-0.827451
-0.168627
-0.152941
-0.152941
-0.145098
-0.184314
-0.278431
-0.270588
-0.317647
-0.372549
-0.137255
0.349020
0.317647
0.301961
0.490196
0.270588
0.145098
0.050980
-0.176471
-0.223529
-0.137255
-0.003922
0.003922
-0.019608
-0.035294
-0.035294
-0.035294
-0.043137
-0.019608
-0.035294
-0.035294
-0.082353
-0.105882
-0.145098
-0.129412
-0.129412
-0.121569
-0.152941
-0.254902
-0.254902
-0.294118
-0.356863
-0.160784
0.364706
0.349020
0.301961
0.513726
0.294118
0.160784
0.074510
-0.152941
-0.215686
-0.129412
0.003922
0.027451
-0.050980
-0.058824
-0.066667
-0.066667
-0.082353
-0.074510
-0.050980
-0.035294
-0.074510
-0.121569
-0.129412
-0.105882
-0.105882
-0.090196
-0.121569
-0.231373
-0.231373
-0.262745
-0.356863
-0.168627
0.396078
0.403922
0.325490
0.537255
0.317647
0.192157
0.121569
-0.137255
-0.200000
-0.121569
0.003922
0.058824
-0.066667
-0.113725
-0.090196
-0.074510
-0.082353
-0.074510
-0.090196
-0.066667
-0.082353
-0.137255
-0.113725
-0.090196
-0.090196
-0.074510
-0.098039
-0.207843
-0.215686
-0.239216
-0.356863
-0.176471
0.458824
0.482353
0.349020
0.560784
0.325490
0.223529
0.200000
-0.105882
-0.192157
-0.121569
0.003922
0.066667
-0.113725
-0.168627
-0.098039
-0.113725
-0.105882
-0.090196
-0.105882
-0.105882
-0.121569
-0.160784
-0.176471
-0.121569
-0.090196
-0.066667
-0.082353
-0.192157
-0.207843
-0.223529
-0.372549
-0.215686
0.505882
0.607843
0.380392
0.568627
0.349020
0.278431
0.309804
-0.074510
-0.192157
-0.145098
-0.066667
-0.035294
-0.262745
-0.301961
-0.262745
-0.192157
-0.160784
-0.215686
-0.160784
-0.129412
-0.137255
-0.176471
-0.788235
-0.741176
-0.450980
-0.090196
-0.074510
-0.192157
-0.200000
-0.200000
-0.380392
-0.239216
0.576471
0.733333
0.411765
0.592157
0.388235
0.341177
0.435294
-0.050980
-0.200000
-0.192157
-0.137255
-0.082353
-0.333333
-0.254902
-0.254902
-0.270588
-0.129412
-0.207843
-0.168627
-0.145098
-0.168627
-0.160784
-0.992157
-1.000000
-0.670588
-0.137255
-0.058824
-0.184314
-0.207843
-0.184314
-0.364706
-0.247059
0.560784
0.756863
0.450980
0.631373
0.435294
0.349020
0.419608
-0.027451
-0.200000
-0.200000
-0.137255
-0.027451
-0.160784
0.129412
0.090196
-0.082353
-0.184314
-0.215686
-0.105882
-0.011765
-0.129412
-0.160784
-0.968627
-0.968627
-0.725490
-0.168627
-0.050980
-0.184314
-0.200000
-0.192157
-0.403922
-0.294118
0.427451
0.741176
0.466667
0.466667
0.270588
0.011765
0.058824
-0.011765
-0.176471
-0.200000
-0.145098
-0.019608
-0.176471
0.011765
0.027451
-0.011765
-0.137255
-0.215686
-0.050980
-0.019608
-0.152941
-0.200000
-0.984314
-0.984314
-0.803922
-0.215686
-0.043137
-0.184314
-0.192157
-0.176471
-0.294118
-0.168627
0.019608
0.176471
0.098039
0.090196
0.011765
-0.247059
0.058824
-0.019608
-0.200000
-0.207843
-0.160784
-0.027451
-0.294118
-0.215686
-0.145098
-0.082353
-0.027451
-0.105882
-0.121569
-0.058824
-0.152941
-0.239216
-0.984314
-0.984314
-0.898039
-0.364706
-0.043137
-0.184314
-0.192157
-0.184314
-0.247059
-0.301961
-0.450980
-0.325490
-0.043137
0.066667
-0.137255
-0.160784
0.137255
-0.074510
-0.223529
-0.247059
-0.192157
0.003922
-0.294118
-0.301961
-0.200000
-0.058824
-0.003922
-0.011765
-0.098039
-0.082353
-0.137255
-0.200000
-0.976471
-0.984314
-0.929412
-0.450980
-0.239216
-0.333333
-0.270588
-0.388235
-0.372549
-0.262745
-0.388235
-0.082353
0.231373
-0.098039
-0.239216
-0.113725
0.019608
0.058824
0.019608
-0.058824
-0.050980
0.043137
-0.231373
-0.294118
-0.254902
-0.239216
-0.200000
-0.113725
-0.105882
-0.192157
-0.223529
-0.247059
-0.952941
-0.952941
-0.835294
-0.552941
-0.521569
-0.356863
-0.231373
-0.341176
-0.301961
-0.176471
-0.215686
0.035294
0.247059
-0.176471
-0.388235
-0.317647
-0.317647
-0.160784
0.019608
0.113726
0.160784
0.192157
0.121569
0.011765
-0.066667
-0.160784
-0.192157
-0.168627
-0.176471
-0.239216
-0.294118
-0.294118
-0.929412
-0.803922
-0.560784
-0.427451
-0.152941
-0.058824
-0.082353
-0.121569
-0.262745
-0.317647
-0.152941
0.090196
0.192157
-0.090196
-0.388235
-0.247059
-0.239216
-0.419608
-0.411765
-0.231373
0.003922
0.129412
0.231373
0.294118
0.309804
0.286275
0.254902
0.176471
0.074510
-0.035294
-0.113725
-0.192157
-0.717647
-0.654902
-0.513726
-0.372549
-0.003922
0.113726
0.129412
0.035294
-0.082353
-0.105882
-0.058824
0.035294
0.066667
-0.011765
-0.058824
0.019608
0.066667
-0.403922
-0.686275
-0.600000
-0.364706
-0.098039
0.050980
0.176471
0.317647
0.403922
0.474510
0.537255
0.545098
0.505882
0.458824
0.333333
-0.521569
-0.474510
-0.490196
-0.466667
-0.200000
0.011765
0.113726
0.098039
0.090196
0.129412
0.113726
-0.027451
-0.121569
-0.066667
-0.050980
-0.090196
-0.168627
-0.341176
-0.623529
-0.670588
-0.537255
-0.192157
-0.129412
-0.223529
-0.011765
0.176471
0.349020
0.466667
0.560784
0.654902
0.709804
0.717647
-0.513726
-0.435294
-0.341176
-0.145098
0.066667
0.176471
0.160784
0.152941
0.184314
0.231373
0.160784
0.090196
-0.090196
-0.239216
-0.192157
-0.372549
-0.403922
-0.247059
-0.498039
-0.568627
-0.529412
-0.231373
-0.184314
-0.552941
-0.435294
-0.215686
0.019608
0.239216
0.411765
0.552941
0.639216
0.717647
-0.545098
-0.466667
-0.145098
0.129412
0.239216
0.239216
0.184314
0.192157
0.286275
0.309804
0.247059
0.082353
-0.200000
-0.309804
-0.325490
-0.443137
-0.341176
-0.137255
-0.403922
-0.427451
-0.388235
-0.254902
-0.137255
-0.349020
-0.364706
-0.333333
-0.301961
-0.247059
-0.035294
0.223529
0.458824
0.615686
-0.498039
-0.600000
-0.474510
-0.176471
-0.011765
0.105882
0.176471
0.200000
0.396078
0.623529
0.419608
0.176471
-0.301961
-0.458824
-0.490196
-0.600000
-0.396078
-0.184314
-0.349020
-0.341176
-0.262745
-0.121569
0.121569
-0.019608
-0.145098
-0.239216
-0.349020
-0.341176
-0.294118
-0.254902
-0.082353
0.184314
-0.529412
-0.560784
-0.568627
-0.278431
0.137255
0.200000
0.223529
0.247059
0.435294
0.827451
0.654902
0.058824
-0.317647
-0.396078
-0.498039
-0.498039
-0.200000
-0.074510
-0.309804
-0.333333
-0.231373
0.019608
0.286275
0.129412
-0.003922
-0.121569
-0.262745
-0.294118
-0.262745
-0.247059
-0.223529
-0.223529
-0.490196
-0.356863
-0.301961
-0.145098
0.160784
0.247059
0.207843
0.223529
0.341177
0.600000
0.905882
0.552941
0.027451
-0.035294
0.035294
0.019608
0.011765
-0.050980
-0.286274
-0.325490
-0.239216
-0.019608
0.207843
0.113726
-0.035294
-0.113725
-0.137255
-0.270588
-0.301961
-0.317647
-0.270588
-0.239216
-0.349020
-0.223529
-0.207843
-0.192157
0.019608
0.113726
-0.090196
-0.262745
-0.105882
0.160784
0.647059
1.000000
0.670588
0.301961
0.262745
0.105882
-0.011765
-0.098039
-0.270588
-0.286274
-0.278431
-0.058824
0.145098
0.019608
-0.011765
-0.098039
-0.074510
-0.176471
-0.294118
-0.301961
-0.254902
-0.207843
-0.247059
-0.341176
-0.474510
-0.513726
-0.427451
-0.490196
-0.545098
-0.584314
-0.537255
-0.435294
-0.176471
0.466667
0.764706
0.545098
0.380392
0.207843
0.113726
-0.043137
-0.333333
-0.349020
-0.262745
-0.066667
0.349020
0.364706
0.105882
0.098039
0.011765
-0.239216
-0.388235
-0.388235
-0.254902
-0.160784
-0.176471
-0.403922
-0.498039
-0.560784
-0.607843
-0.545098
-0.545098
-0.498039
-0.443137
-0.396078
-0.341176
-0.200000
0.411765
0.717647
0.427451
0.200000
0.129412
-0.043137
-0.372549
-0.435294
-0.325490
0.231373
0.835294
0.913725
0.498039
0.286275
0.270588
-0.129412
-0.380392
-0.333333
-0.215686
-0.137255
-0.333333
-0.450980
-0.537255
-0.521569
-0.466667
-0.372549
-0.356863
-0.388235
-0.372549
-0.325490
-0.270588
-0.239216
0.011765
0.576471
0.466667
0.137255
0.090196
-0.129412
-0.458824
-0.537255
-0.419608
0.074510
0.741176
0.976471
0.623529
0.286275
0.341177
0.003922
-0.341176
-0.301961
-0.223529
-0.200000
-0.639216
-0.576471
-0.529412
-0.490196
-0.380392
-0.270588
-0.294118
-0.325490
-0.301961
-0.301961
-0.239216
-0.215686
-0.121569
0.490196
0.443137
0.090196
0.027451
-0.176471
-0.372549
-0.380392
-0.356863
-0.513726
-0.011765
0.850980
0.749020
0.325490
0.231373
-0.137255
-0.325490
-0.372549
-0.309804
-0.278431
-0.615686
-0.529412
-0.474510
-0.443137
-0.317647
-0.176471
-0.231373
-0.231373
-0.247059
-0.270588
-0.239216
-0.294118
-0.231373
0.121569
0.050980
-0.090196
-0.105882
-0.215686
-0.286274
-0.380392
-0.419608
-0.435294
-0.372549
0.364706
0.450980
0.098039
-0.082353
-0.505882
-0.450980
-0.403922
-0.403922
-0.396078
-0.584314
-0.466667
-0.443137
-0.388235
-0.333333
-0.286274
-0.262745
-0.207843
-0.215686
-0.262745
-0.286274
-0.294118
-0.270588
-0.247059
-0.270588
-0.270588
-0.333333
-0.396078
-0.380392
-0.372549
-0.372549
-0.356863
-0.184314
0.074510
-0.247059
-0.450980
-0.301961
-0.560784
-0.639216
-0.474510
-0.356863
-0.411765
-0.474510
-0.419608
-0.349020
-0.341176
-0.333333
-0.270588
-0.294118
-0.270588
-0.262745
-0.309804
-0.356863
-0.333333
-0.325490
-0.325490
-0.333333
-0.372549
-0.388235
-0.474510
-0.403922
-0.388235
-0.419608
-0.270588
-0.160784
-0.223529
-0.364706
-0.592157
-0.364706
-0.286274
-0.458824
-0.615686
-0.576471
-0.411765
-0.341176
-0.349020
-0.294118
-0.254902
-0.254902
-0.333333
-0.341176
-0.325490
-0.333333
-0.419608
-0.403922
-0.396078
-0.380392
-0.364706
-0.388235
-0.411765
-0.443137
-0.505882
-0.466667
-0.435294
-0.403922
-0.254902
-0.247059
-0.294118
-0.270588
-0.529412
-0.396078
-0.176471
-0.239216
-0.505882
-0.670588
-0.600000
-0.286274
-0.317647
-0.341176
-0.270588
-0.325490
-0.380392
-0.388235
-0.396078
-0.403922
-0.427451
-0.356863
-0.341176
-0.333333
-0.341176
-0.411765
-0.450980
-0.419608
-0.333333
-0.301961
-0.403922
-0.403922
-0.286274
-0.247059
-0.168627
-0.176471
-0.419608
-0.380392
-0.247059
-0.278431
-0.474510
-0.670588
-0.654902
-0.458824
-0.396078
-0.388235
-0.443137
-0.458824
-0.403922
-0.458824
-0.474510
-0.450980
-0.325490
-0.160784
-0.207843
-0.341176
-0.427451
-0.427451
-0.341176
0.011765
0.168628
0.027451
-0.207843
-0.411765
-0.356863
-0.278431
-0.223529
-0.207843
-0.396078
-0.466667
-0.450980
-0.356863
-0.443137
-0.654902
-0.678431
-0.513726
-0.396078
-0.364706
-0.380392
-0.341176
-0.427451
-0.482353
-0.443137
-0.396078
-0.278431
-0.200000
-0.372549
-0.458824
-0.364706
-0.231373
-0.200000
0.145098
0.325490
0.184314
-0.003922
-0.270588
-0.388235
-0.309804
-0.278431
-0.254902
-0.333333
-0.443137
-0.584314
-0.450980
-0.498039
-0.670588
-0.701961
-0.207843
-0.192157
-0.192157
-0.184314
-0.231373
-0.325490
-0.309804
-0.364706
-0.419608
-0.192157
0.294118
0.278431
0.294118
0.498039
0.286275
0.152941
0.058824
-0.160784
-0.207843
-0.137255
-0.027451
-0.121569
-0.168627
-0.207843
-0.200000
-0.207843
-0.215686
-0.192157
-0.231373
-0.231373
-0.231373
-0.247059
-0.200000
-0.176471
-0.184314
-0.176471
-0.207843
-0.309804
-0.309804
-0.349020
-0.419608
-0.215686
0.317647
0.309804
0.294118
0.513726
0.301961
0.168628
0.082353
-0.145098
-0.207843
-0.137255
-0.035294
-0.145098
-0.215686
-0.207843
-0.200000
-0.215686
-0.254902
-0.278431
-0.247059
-0.223529
-0.247059
-0.254902
-0.184314
-0.160784
-0.160784
-0.145098
-0.176471
-0.286274
-0.286274
-0.317647
-0.411765
-0.231373
0.349020
0.372549
0.309804
0.537255
0.333333
0.207843
0.137255
-0.121569
-0.200000
-0.121569
-0.035294
-0.113725
-0.223529
-0.247059
-0.239216
-0.239216
-0.262745
-0.278431
-0.262745
-0.239216
-0.254902
-0.294118
-0.160784
-0.145098
-0.137255
-0.129412
-0.152941
-0.262745
-0.270588
-0.294118
-0.411765
-0.239216
0.435294
0.458824
0.325490
0.560784
0.341177
0.247059
0.215686
-0.090196
-0.184314
-0.137255
-0.035294
-0.058824
-0.254902
-0.278431
-0.278431
-0.309804
-0.301961
-0.294118
-0.262745
-0.262745
-0.294118
-0.341176
-0.239216
-0.184314
-0.152941
-0.129412
-0.145098
-0.247059
-0.262745
-0.278431
-0.427451
-0.262745
0.505882
0.600000
0.364706
0.576471
0.372549
0.301961
0.325490
-0.058824
-0.184314
-0.160784
-0.098039
-0.129412
-0.372549
-0.427451
-0.435294
-0.403922
-0.388235
-0.403922
-0.317647
-0.270588
-0.262745
-0.301961
-0.811765
-0.764706
-0.490196
-0.152941
-0.145098
-0.247059
-0.254902
-0.254902
-0.427451
-0.286274
0.584314
0.741176
0.403922
0.592157
0.403922
0.364706
0.458824
-0.019608
-0.192157
-0.200000
-0.160784
-0.168627
-0.443137
-0.450980
-0.435294
-0.458824
-0.403922
-0.450980
-0.356863
-0.278431
-0.247059
-0.262745
-0.984314
-0.984314
-0.686275
-0.192157
-0.137255
-0.254902
-0.262745
-0.239216
-0.419608
-0.309804
0.568627
0.780392
0.427451
0.631373
0.450980
0.372549
0.450980
-0.003922
-0.192157
-0.200000
-0.152941
-0.105882
-0.301961
-0.137255
-0.137255
-0.278431
-0.396078
-0.450980
-0.301961
-0.207843
-0.270588
-0.254902
-0.968627
-0.968627
-0.733333
-0.223529
-0.121569
-0.254902
-0.270588
-0.262745
-0.474510
-0.364706
0.411765
0.749020
0.443137
0.450980
0.278431
0.043137
0.082353
0.003922
-0.176471
-0.200000
-0.145098
-0.098039
-0.270588
-0.082353
-0.082353
-0.098039
-0.301961
-0.372549
-0.192157
-0.231373
-0.286274
-0.294118
-0.984314
-0.984314
-0.811765
-0.262745
-0.113725
-0.254902
-0.270588
-0.231373
-0.341176
-0.207843
0.019608
0.168628
0.058824
0.066667
0.011765
-0.231373
0.066667
0.003922
-0.192157
-0.207843
-0.145098
-0.090196
-0.364706
-0.301961
-0.262745
-0.105882
-0.113725
-0.192157
-0.152941
-0.137255
-0.200000
-0.286274
-0.984314
-0.984314
-0.905882
-0.411765
-0.105882
-0.247059
-0.239216
-0.231373
-0.301961
-0.341176
-0.458824
-0.364706
-0.074510
0.066667
-0.113725
-0.152941
0.152941
-0.035294
-0.192157
-0.239216
-0.184314
-0.082353
-0.419608
-0.450980
-0.372549
-0.176471
-0.137255
-0.129412
-0.145098
-0.113725
-0.168627
-0.231373
-0.976471
-0.992157
-0.945098
-0.505882
-0.309804
-0.403922
-0.349020
-0.443137
-0.474510
-0.419608
-0.521569
-0.200000
0.192157
-0.082353
-0.223529
-0.137255
-0.003922
0.058824
0.035294
-0.050980
-0.035294
-0.019608
-0.364706
-0.435294
-0.443137
-0.443137
-0.435294
-0.349020
-0.294118
-0.270588
-0.286274
-0.309804
-0.952941
-0.960784
-0.858824
-0.584314
-0.576471
-0.450980
-0.341176
-0.435294
-0.427451
-0.317647
-0.403922
-0.207843
0.152941
-0.145098
-0.380392
-0.333333
-0.341176
-0.223529
-0.027451
0.098039
0.160784
0.192157
0.098039
-0.027451
-0.137255
-0.247059
-0.309804
-0.309804
-0.301961
-0.341176
-0.411765
-0.419608
-0.921569
-0.819608
-0.600000
-0.474510
-0.262745
-0.215686
-0.239216
-0.294118
-0.403922
-0.435294
-0.380392
-0.200000
0.050980
-0.098039
-0.388235
-0.247059
-0.231373
-0.403922
-0.419608
-0.262745
-0.043137
0.090196
0.207843
0.278431
0.309804
0.278431
0.231373
0.137255
0.035294
-0.074510
-0.152941
-0.247059
-0.772549
-0.701961
-0.560784
-0.458824
-0.152941
-0.066667
-0.074510
-0.192157
-0.309804
-0.333333
-0.317647
-0.231373
-0.113725
-0.105882
-0.105882
-0.027451
0.035294
-0.372549
-0.639216
-0.600000
-0.396078
-0.137255
-0.003922
0.121569
0.286275
0.364706
0.435294
0.505882
0.521569
0.498039
0.466667
0.349020
-0.584314
-0.521569
-0.529412
-0.521569
-0.309804
-0.160784
-0.105882
-0.152941
-0.192157
-0.160784
-0.152941
-0.278431
-0.286274
-0.176471
-0.145098
-0.152941
-0.215686
-0.325490
-0.592157
-0.662745
-0.529412
-0.239216
-0.239216
-0.325490
-0.098039
0.121569
0.309804
0.435294
0.529412
0.631373
0.678431
0.686275
-0.537255
-0.458824
-0.411765
-0.262745
-0.098039
-0.043137
-0.074510
-0.082353
-0.090196
-0.066667
-0.137255
-0.184314
-0.262745
-0.333333
-0.270588
-0.419608
-0.435294
-0.231373
-0.458824
-0.560784
-0.505882
-0.262745
-0.301961
-0.717647
-0.600000
-0.356863
-0.082353
0.184314
0.380392
0.529412
0.615686
0.686275
-0.568627
-0.505882
-0.247059
-0.050980
0.027451
0.019608
-0.035294
-0.043137
0.027451
0.035294
-0.043137
-0.145098
-0.333333
-0.396078
-0.388235
-0.474510
-0.364706
-0.113725
-0.364706
-0.419608
-0.372549
-0.294118
-0.247059
-0.505882
-0.560784
-0.529412
-0.466667
-0.380392
-0.129412
0.145098
0.403922
0.592157
-0.552941
-0.623529
-0.529412
-0.294118
-0.168627
-0.082353
-0.043137
-0.043137
0.160784
0.458824
0.200000
-0.027451
-0.388235
-0.505882
-0.529412
-0.623529
-0.403922
-0.160784
-0.317647
-0.333333
-0.254902
-0.168627
-0.003922
-0.184314
-0.341176
-0.450980
-0.584314
-0.560784
-0.490196
-0.450980
-0.270588
0.043137
-0.584314
-0.623529
-0.631373
-0.372549
-0.043137
-0.035294
-0.035294
-0.011765
0.200000
0.725490
0.592157
-0.043137
-0.380392
-0.435294
-0.545098
-0.521569
-0.192157
-0.050980
-0.278431
-0.317647
-0.215686
-0.035294
0.145098
-0.027451
-0.207843
-0.364706
-0.545098
-0.560784
-0.474510
-0.427451
-0.443137
-0.458824
-0.552941
-0.443137
-0.403922
-0.278431
-0.074510
-0.011765
-0.050980
-0.035294
0.082353
0.372549
0.827451
0.545098
-0.011765
-0.090196
-0.019608
0.011765
0.027451
-0.027451
-0.247059
-0.317647
-0.239216
-0.074510
0.082353
0.027451
-0.145098
-0.254902
-0.270588
-0.396078
-0.419608
-0.435294
-0.403922
-0.388235
-0.427451
-0.325490
-0.325490
-0.317647
-0.145098
-0.098039
-0.278431
-0.411765
-0.262745
-0.011765
0.560784
1.000000
0.662745
0.215686
0.200000
0.098039
-0.003922
-0.090196
-0.239216
-0.262745
-0.278431
-0.121569
0.035294
-0.003922
-0.043137
-0.145098
-0.105882
-0.207843
-0.372549
-0.388235
-0.294118
-0.192157
-0.364706
-0.450980
-0.568627
-0.592157
-0.505882
-0.600000
-0.631373
-0.662745
-0.623529
-0.521569
-0.254902
0.435294
0.756863
0.474510
0.309804
0.160784
0.105882
-0.050980
-0.309804
-0.333333
-0.270588
-0.113725
0.278431
0.333333
0.066667
0.043137
-0.074510
-0.364706
-0.521569
-0.552941
-0.411765
-0.239216
-0.317647
-0.505882
-0.584314
-0.639216
-0.678431
-0.623529
-0.615686
-0.568627
-0.521569
-0.474510
-0.443137
-0.286274
0.380392
0.686275
0.356863
0.145098
0.105882
-0.074510
-0.356863
-0.411765
-0.325490
0.184314
0.788235
0.898039
0.482353
0.231373
0.168628
-0.247059
-0.474510
-0.498039
-0.443137
-0.309804
-0.443137
-0.545098
-0.607843
-0.592157
-0.529412
-0.450980
-0.427451
-0.450980
-0.443137
-0.403922
-0.349020
-0.309804
-0.035294
0.552941
0.403922
0.074510
0.066667
-0.152941
-0.450980
-0.521569
-0.427451
0.019608
0.678431
0.945098
0.600000
0.239216
0.262745
-0.082353
-0.450980
-0.498039
-0.458824
-0.380392
-0.709804
-0.654902
-0.607843
-0.560784
-0.450980
-0.341176
-0.356863
-0.388235
-0.364706
-0.364706
-0.301961
-0.286274
-0.192157
0.458824
0.403922
0.027451
-0.019608
-0.192157
-0.388235
-0.411765
-0.403922
-0.552941
-0.050980
0.843137
0.741176
0.278431
0.176471
-0.113725
-0.349020
-0.513726
-0.537255
-0.513726
-0.678431
-0.600000
-0.545098
-0.513726
-0.396078
-0.247059
-0.301961
-0.294118
-0.309804
-0.333333
-0.301961
-0.372549
-0.294118
0.105882
0.027451
-0.105882
-0.121569
-0.231373
-0.317647
-0.411765
-0.443137
-0.458824
-0.388235
0.356863
0.450980
0.066667
-0.105882
-0.490196
-0.435294
-0.435294
-0.513726
-0.545098
-0.639216
-0.529412
-0.513726
-0.458824
-0.396078
-0.356863
-0.333333
-0.278431
-0.286274
-0.325490
-0.349020
-0.341176
-0.309804
-0.262745
-0.294118
-0.294118
-0.341176
-0.411765
-0.396078
-0.396078
-0.396078
-0.372549
-0.192157
0.066667
-0.294118
-0.505882
-0.309804
-0.568627
-0.639216
-0.435294
-0.325490
-0.505882
-0.537255
-0.482353
-0.403922
-0.388235
-0.396078
-0.333333
-0.356863
-0.333333
-0.325490
-0.380392
-0.411765
-0.364706
-0.349020
-0.364706
-0.364706
-0.396078
-0.411765
-0.498039
-0.427451
-0.411765
-0.458824
-0.301961
-0.192157
-0.301961
-0.498039
-0.686275
-0.396078
-0.301961
-0.466667
-0.615686
-0.552941
-0.388235
-0.427451
-0.427451
-0.349020
-0.317647
-0.317647
-0.403922
-0.396078
-0.388235
-0.396078
-0.482353
-0.458824
-0.427451
-0.403922
-0.388235
-0.411765
-0.427451
-0.450980
-0.529412
-0.505882
-0.490196
-0.443137
-0.278431
-0.270588
-0.364706
-0.396078
-0.623529
-0.450980
-0.223529
-0.254902
-0.513726
-0.686275
-0.592157
-0.372549
-0.388235
-0.396078
-0.325490
-0.388235
-0.443137
-0.450980
-0.466667
-0.466667
-0.490196
-0.427451
-0.380392
-0.364706
-0.372549
-0.443137
-0.490196
-0.450980
-0.364706
-0.325490
-0.466667
-0.450980
-0.325490
-0.254902
-0.152941
-0.215686
-0.498039
-0.435294
-0.254902
-0.325490
-0.498039
-0.670588
-0.662745
-0.545098
-0.466667
-0.450980
-0.505882
-0.521569
-0.466667
-0.529412
-0.545098
-0.521569
-0.411765
-0.239216
-0.254902
-0.372549
-0.458824
-0.458824
-0.388235
-0.011765
0.160784
0.043137
-0.223529
-0.466667
-0.403922
-0.278431
-0.207843
-0.200000
-0.427451
-0.498039
-0.513726
-0.419608
-0.458824
-0.662745
-0.686275
-0.623529
-0.498039
-0.443137
-0.450980
-0.419608
-0.498039
-0.552941
-0.505882
-0.466667
-0.349020
-0.262745
-0.435294
-0.521569
-0.419608
-0.301961
-0.294118
0.113726
0.341177
0.207843
0.011765
-0.325490
-0.427451
-0.317647
-0.278431
-0.247059
-0.364706
-0.490196
-0.631373
-0.490196
-0.513726
-0.686275
-0.709804
